Measure Mode: ABSORB
StartWaveLength: 1000.0
EndWaveLength:  190.0
5,  996.0, -0.005
6,  995.0, -0.005
7,  994.0, -0.005
8,  993.0, -0.006
9,  992.0, -0.006
10,  991.0, -0.006
11,  990.0, -0.006
12,  989.0, -0.006
13,  988.0, -0.006
14,  987.0, -0.007
15,  986.0, -0.007
16,  985.0, -0.007
17,  984.0, -0.007
18,  983.0, -0.007
19,  982.0, -0.007
20,  981.0, -0.007
21,  980.0, -0.008
22,  979.0, -0.008
23,  978.0, -0.008
24,  977.0, -0.008
25,  976.0, -0.008
26,  975.0, -0.008
27,  974.0, -0.008
28,  973.0, -0.009
29,  972.0, -0.009
30,  971.0, -0.009
31,  970.0, -0.009
32,  969.0, -0.009
33,  968.0, -0.009
34,  967.0, -0.009
35,  966.0, -0.009
36,  965.0, -0.009
37,  964.0, -0.009
38,  963.0, -0.009
39,  962.0, -0.009
40,  961.0, -0.009
41,  960.0, -0.009
42,  959.0, -0.009
43,  958.0, -0.009
44,  957.0, -0.009
45,  956.0, -0.008
46,  955.0, -0.008
47,  954.0, -0.008
48,  953.0, -0.007
49,  952.0, -0.007
50,  951.0, -0.006
51,  950.0, -0.006
52,  949.0, -0.006
53,  948.0, -0.005
54,  947.0, -0.005
55,  946.0, -0.005
56,  945.0, -0.004
57,  944.0, -0.004
58,  943.0, -0.004
59,  942.0, -0.004
60,  941.0, -0.004
61,  940.0, -0.004
62,  939.0, -0.003
63,  938.0, -0.003
64,  937.0, -0.003
65,  936.0, -0.003
66,  935.0, -0.003
67,  934.0, -0.003
68,  933.0, -0.003
69,  932.0, -0.003
70,  931.0, -0.002
71,  930.0, -0.002
72,  929.0, -0.002
73,  928.0, -0.002
74,  927.0, -0.002
75,  926.0, -0.002
76,  925.0, -0.002
77,  924.0, -0.002
78,  923.0, -0.002
79,  922.0, -0.002
80,  921.0, -0.002
81,  920.0, -0.001
82,  919.0, -0.001
83,  918.0, -0.001
84,  917.0, -0.001
85,  916.0, -0.001
86,  915.0, -0.001
87,  914.0, -0.001
88,  913.0, -0.001
89,  912.0, -0.001
90,  911.0, -0.001
91,  910.0, -0.001
92,  909.0, -0.001
93,  908.0, -0.001
94,  907.0, -0.001
95,  906.0, -0.001
96,  905.0, -0.001
97,  904.0, -0.001
98,  903.0, -0.001
99,  902.0, -0.001
100,  901.0, -0.001
101,  900.0, -0.001
102,  899.0, -0.001
103,  898.0, -0.001
104,  897.0, -0.001
105,  896.0, -0.001
106,  895.0, -0.001
107,  894.0, -0.001
108,  893.0, -0.001
109,  892.0, -0.001
110,  891.0, -0.001
111,  890.0, -0.001
112,  889.0, -0.001
113,  888.0, -0.001
114,  887.0, -0.001
115,  886.0, -0.001
116,  885.0, -0.001
117,  884.0, -0.001
118,  883.0, -0.001
119,  882.0, -0.001
120,  881.0, -0.001
121,  880.0, -0.001
122,  879.0, -0.001
123,  878.0, -0.001
124,  877.0, -0.001
125,  876.0, -0.001
127,  874.0, -0.001
128,  873.0, -0.001
129,  872.0, -0.001
130,  871.0, -0.001
131,  870.0, -0.001
132,  869.0, -0.001
133,  868.0, -0.001
134,  867.0, -0.001
135,  866.0, -0.001
136,  865.0, -0.001
137,  864.0, -0.001
138,  863.0, -0.001
139,  862.0, -0.001
140,  861.0, -0.001
141,  860.0, -0.001
142,  859.0, -0.001
143,  858.0, -0.001
144,  857.0, -0.001
145,  856.0, -0.001
146,  855.0, -0.001
147,  854.0, -0.001
148,  853.0, -0.001
149,  852.0, -0.001
150,  851.0, -0.001
151,  850.0, -0.001
152,  849.0, -0.001
153,  848.0, -0.001
154,  847.0, -0.001
155,  846.0, -0.000
156,  845.0, -0.001
157,  844.0, -0.001
158,  843.0, -0.001
159,  842.0, -0.001
160,  841.0, -0.001
161,  840.0, -0.001
162,  839.0, -0.001
163,  838.0, -0.001
164,  837.0, -0.001
165,  836.0, -0.001
166,  835.0, -0.001
167,  834.0, -0.001
168,  833.0, -0.001
169,  832.0, -0.000
170,  831.0, -0.000
171,  830.0, -0.000
172,  829.0, -0.000
173,  828.0, -0.000
174,  827.0, -0.000
175,  826.0, -0.000
176,  825.0, -0.000
177,  824.0, -0.000
178,  823.0, -0.000
179,  822.0, -0.000
180,  821.0, -0.000
181,  820.0, -0.000
182,  819.0, -0.000
183,  818.0, -0.000
184,  817.0, -0.000
185,  816.0, -0.000
186,  815.0, -0.000
187,  814.0, -0.000
188,  813.0, -0.000
189,  812.0, -0.000
190,  811.0, -0.000
191,  810.0, -0.000
192,  809.0, -0.000
193,  808.0, -0.000
194,  807.0, -0.000
195,  806.0, -0.000
196,  805.0, -0.000
197,  804.0, -0.000
198,  803.0, -0.000
199,  802.0,  0.000
200,  801.0, -0.000
201,  800.0, -0.000
202,  799.0, -0.000
203,  798.0, -0.000
204,  797.0, -0.000
205,  796.0, -0.000
206,  795.0, -0.000
207,  794.0, -0.000
208,  793.0, -0.000
209,  792.0, -0.000
210,  791.0, -0.000
211,  790.0,  0.000
212,  789.0,  0.000
213,  788.0,  0.000
214,  787.0,  0.000
215,  786.0,  0.000
216,  785.0,  0.000
217,  784.0,  0.000
218,  783.0,  0.000
219,  782.0,  0.000
220,  781.0,  0.000
221,  780.0,  0.000
222,  779.0,  0.000
223,  778.0,  0.000
224,  777.0,  0.000
225,  776.0,  0.000
226,  775.0,  0.000
227,  774.0,  0.000
228,  773.0,  0.000
229,  772.0,  0.000
230,  771.0,  0.000
231,  770.0,  0.000
232,  769.0,  0.000
233,  768.0,  0.000
234,  767.0,  0.000
235,  766.0,  0.000
236,  765.0,  0.000
237,  764.0,  0.000
238,  763.0,  0.000
239,  762.0,  0.000
240,  761.0,  0.000
241,  760.0,  0.000
242,  759.0,  0.000
243,  758.0,  0.000
244,  757.0,  0.000
245,  756.0,  0.000
246,  755.0,  0.000
247,  754.0,  0.000
248,  753.0,  0.000
249,  752.0,  0.000
250,  751.0,  0.000
251,  750.0,  0.000
252,  749.0,  0.000
253,  748.0,  0.000
254,  747.0,  0.000
255,  746.0,  0.000
256,  745.0,  0.000
257,  744.0,  0.001
258,  743.0,  0.001
259,  742.0,  0.001
260,  741.0,  0.001
261,  740.0,  0.001
262,  739.0,  0.001
263,  738.0,  0.001
264,  737.0,  0.001
265,  736.0,  0.001
266,  735.0,  0.001
267,  734.0,  0.001
268,  733.0,  0.001
269,  732.0,  0.001
270,  731.0,  0.001
271,  730.0,  0.001
272,  729.0,  0.001
273,  728.0,  0.001
274,  727.0,  0.001
275,  726.0,  0.001
276,  725.0,  0.002
277,  724.0,  0.002
278,  723.0,  0.002
279,  722.0,  0.002
280,  721.0,  0.002
281,  720.0,  0.002
282,  719.0,  0.002
283,  718.0,  0.002
284,  717.0,  0.002
285,  716.0,  0.002
286,  715.0,  0.002
287,  714.0,  0.002
288,  713.0,  0.002
289,  712.0,  0.002
290,  711.0,  0.002
291,  710.0,  0.002
292,  709.0,  0.002
293,  708.0,  0.002
294,  707.0,  0.003
295,  706.0,  0.003
296,  705.0,  0.003
297,  704.0,  0.003
298,  703.0,  0.003
299,  702.0,  0.003
300,  701.0,  0.003
301,  700.0,  0.003
302,  699.0,  0.003
303,  698.0,  0.003
304,  697.0,  0.003
305,  696.0,  0.003
306,  695.0,  0.003
307,  694.0,  0.003
308,  693.0,  0.003
309,  692.0,  0.004
310,  691.0,  0.004
311,  690.0,  0.004
312,  689.0,  0.004
313,  688.0,  0.004
314,  687.0,  0.004
315,  686.0,  0.004
316,  685.0,  0.004
317,  684.0,  0.004
318,  683.0,  0.004
319,  682.0,  0.004
320,  681.0,  0.005
321,  680.0,  0.005
322,  679.0,  0.005
323,  678.0,  0.005
324,  677.0,  0.005
325,  676.0,  0.005
326,  675.0,  0.005
327,  674.0,  0.005
328,  673.0,  0.005
329,  672.0,  0.006
330,  671.0,  0.006
331,  670.0,  0.006
332,  669.0,  0.006
333,  668.0,  0.006
334,  667.0,  0.006
335,  666.0,  0.006
336,  665.0,  0.006
337,  664.0,  0.006
338,  663.0,  0.007
339,  662.0,  0.007
340,  661.0,  0.007
341,  660.0,  0.007
342,  659.0,  0.007
343,  658.0,  0.007
344,  657.0,  0.008
345,  656.0,  0.008
346,  655.0,  0.008
347,  654.0,  0.008
348,  653.0,  0.009
349,  652.0,  0.009
350,  651.0,  0.009
351,  650.0,  0.009
352,  649.0,  0.009
353,  648.0,  0.010
354,  647.0,  0.010
355,  646.0,  0.010
356,  645.0,  0.011
357,  644.0,  0.011
358,  643.0,  0.011
359,  642.0,  0.012
360,  641.0,  0.012
361,  640.0,  0.012
362,  639.0,  0.013
363,  638.0,  0.013
364,  637.0,  0.014
365,  636.0,  0.014
366,  635.0,  0.014
367,  634.0,  0.015
368,  633.0,  0.015
369,  632.0,  0.016
370,  631.0,  0.017
371,  630.0,  0.017
372,  629.0,  0.018
373,  628.0,  0.018
374,  627.0,  0.019
375,  626.0,  0.020
376,  625.0,  0.021
377,  624.0,  0.021
378,  623.0,  0.022
379,  622.0,  0.023
380,  621.0,  0.024
381,  620.0,  0.025
382,  619.0,  0.026
383,  618.0,  0.027
384,  617.0,  0.028
385,  616.0,  0.030
386,  615.0,  0.031
387,  614.0,  0.032
388,  613.0,  0.034
389,  612.0,  0.035
390,  611.0,  0.036
391,  610.0,  0.038
392,  609.0,  0.040
393,  608.0,  0.041
394,  607.0,  0.043
395,  606.0,  0.045
396,  605.0,  0.047
397,  604.0,  0.049
398,  603.0,  0.051
399,  602.0,  0.053
400,  601.0,  0.055
401,  600.0,  0.057
402,  599.0,  0.060
403,  598.0,  0.062
404,  597.0,  0.065
405,  596.0,  0.067
406,  595.0,  0.070
407,  594.0,  0.073
408,  593.0,  0.076
409,  592.0,  0.079
410,  591.0,  0.082
411,  590.0,  0.085
412,  589.0,  0.088
413,  588.0,  0.091
414,  587.0,  0.094
415,  586.0,  0.098
416,  585.0,  0.101
417,  584.0,  0.105
418,  583.0,  0.109
419,  582.0,  0.112
420,  581.0,  0.116
421,  580.0,  0.120
422,  579.0,  0.124
423,  578.0,  0.128
424,  577.0,  0.132
425,  576.0,  0.135
426,  575.0,  0.139
427,  574.0,  0.143
428,  573.0,  0.147
429,  572.0,  0.152
430,  571.0,  0.156
431,  570.0,  0.160
432,  569.0,  0.164
433,  568.0,  0.168
434,  567.0,  0.172
435,  566.0,  0.176
436,  565.0,  0.180
437,  564.0,  0.184
438,  563.0,  0.188
439,  562.0,  0.192
440,  561.0,  0.196
441,  560.0,  0.200
442,  559.0,  0.203
443,  558.0,  0.207
444,  557.0,  0.211
445,  556.0,  0.215
446,  555.0,  0.218
447,  554.0,  0.222
448,  553.0,  0.225
449,  552.0,  0.228
450,  551.0,  0.231
451,  550.0,  0.234
452,  549.0,  0.237
453,  548.0,  0.240
454,  547.0,  0.243
455,  546.0,  0.245
456,  545.0,  0.248
457,  544.0,  0.250
458,  543.0,  0.252
459,  542.0,  0.254
460,  541.0,  0.256
461,  540.0,  0.258
462,  539.0,  0.260
463,  538.0,  0.261
464,  537.0,  0.263
465,  536.0,  0.264
466,  535.0,  0.265
467,  534.0,  0.266
468,  533.0,  0.267
469,  532.0,  0.268
470,  531.0,  0.268
471,  530.0,  0.268
472,  529.0,  0.269
473,  528.0,  0.269
474,  527.0,  0.269
475,  526.0,  0.269
476,  525.0,  0.268
477,  524.0,  0.268
478,  523.0,  0.268
479,  522.0,  0.267
480,  521.0,  0.266
481,  520.0,  0.265
482,  519.0,  0.264
483,  518.0,  0.263
484,  517.0,  0.262
485,  516.0,  0.261
486,  515.0,  0.259
487,  514.0,  0.258
488,  513.0,  0.256
489,  512.0,  0.255
490,  511.0,  0.253
491,  510.0,  0.251
492,  509.0,  0.249
493,  508.0,  0.247
494,  507.0,  0.246
495,  506.0,  0.243
496,  505.0,  0.241
497,  504.0,  0.239
498,  503.0,  0.237
499,  502.0,  0.235
500,  501.0,  0.233
501,  500.0,  0.231
502,  499.0,  0.228
503,  498.0,  0.226
504,  497.0,  0.224
505,  496.0,  0.221
506,  495.0,  0.219
507,  494.0,  0.216
508,  493.0,  0.214
509,  492.0,  0.212
510,  491.0,  0.210
511,  490.0,  0.207
512,  489.0,  0.205
513,  488.0,  0.202
514,  487.0,  0.200
515,  486.0,  0.197
516,  485.0,  0.195
517,  484.0,  0.193
518,  483.0,  0.190
519,  482.0,  0.188
520,  481.0,  0.186
521,  480.0,  0.183
522,  479.0,  0.181
523,  478.0,  0.179
524,  477.0,  0.176
525,  476.0,  0.174
526,  475.0,  0.171
527,  474.0,  0.169
528,  473.0,  0.166
529,  472.0,  0.164
530,  471.0,  0.161
531,  470.0,  0.159
532,  469.0,  0.156
533,  468.0,  0.154
534,  467.0,  0.151
535,  466.0,  0.149
536,  465.0,  0.146
537,  464.0,  0.144
538,  463.0,  0.141
539,  462.0,  0.138
540,  461.0,  0.136
541,  460.0,  0.133
542,  459.0,  0.130
543,  458.0,  0.128
544,  457.0,  0.125
545,  456.0,  0.123
546,  455.0,  0.120
547,  454.0,  0.117
548,  453.0,  0.115
549,  452.0,  0.112
550,  451.0,  0.109
551,  450.0,  0.107
552,  449.0,  0.104
553,  448.0,  0.102
554,  447.0,  0.099
555,  446.0,  0.096
556,  445.0,  0.094
557,  444.0,  0.092
558,  443.0,  0.089
559,  442.0,  0.087
560,  441.0,  0.085
561,  440.0,  0.083
562,  439.0,  0.081
563,  438.0,  0.079
564,  437.0,  0.076
565,  436.0,  0.075
566,  435.0,  0.073
567,  434.0,  0.071
568,  433.0,  0.069
569,  432.0,  0.068
570,  431.0,  0.066
571,  430.0,  0.065
572,  429.0,  0.063
573,  428.0,  0.062
574,  427.0,  0.061
575,  426.0,  0.060
576,  425.0,  0.059
577,  424.0,  0.058
578,  423.0,  0.058
579,  422.0,  0.057
580,  421.0,  0.057
581,  420.0,  0.057
582,  419.0,  0.057
583,  418.0,  0.057
584,  417.0,  0.057
585,  416.0,  0.057
586,  415.0,  0.058
587,  414.0,  0.059
588,  413.0,  0.060
589,  412.0,  0.061
590,  411.0,  0.062
591,  410.0,  0.064
592,  409.0,  0.065
593,  408.0,  0.067
594,  407.0,  0.069
595,  406.0,  0.072
596,  405.0,  0.074
597,  404.0,  0.077
598,  403.0,  0.080
599,  402.0,  0.084
600,  401.0,  0.087
601,  400.0,  0.091
602,  399.0,  0.095
603,  398.0,  0.099
604,  397.0,  0.103
605,  396.0,  0.108
606,  395.0,  0.112
607,  394.0,  0.117
609,  392.0,  0.127
610,  391.0,  0.132
611,  390.0,  0.137
612,  389.0,  0.143
613,  388.0,  0.148
614,  387.0,  0.154
615,  386.0,  0.159
616,  385.0,  0.165
617,  384.0,  0.170
618,  383.0,  0.175
619,  382.0,  0.181
620,  381.0,  0.186
621,  380.0,  0.192
622,  379.0,  0.197
623,  378.0,  0.202
624,  377.0,  0.207
625,  376.0,  0.212
626,  375.0,  0.217
627,  374.0,  0.221
628,  373.0,  0.225
629,  372.0,  0.229
630,  371.0,  0.232
631,  370.0,  0.235
632,  369.0,  0.239
633,  368.0,  0.242
634,  367.0,  0.244
635,  366.0,  0.246
636,  365.0,  0.247
637,  364.0,  0.248
638,  363.0,  0.249
639,  362.0,  0.249
640,  361.0,  0.249
641,  360.0,  0.248
642,  359.0,  0.247
643,  358.0,  0.245
644,  357.0,  0.244
645,  356.0,  0.241
646,  355.0,  0.239
647,  354.0,  0.236
648,  353.0,  0.233
649,  352.0,  0.230
650,  351.0,  0.226
651,  350.0,  0.223
652,  349.0,  0.219
653,  348.0,  0.215
654,  347.0,  0.212
655,  346.0,  0.207
656,  345.0,  0.204
657,  344.0,  0.201
658,  343.0,  0.197
659,  342.0,  0.194
660,  341.0,  0.192
661,  340.0,  0.190
662,  339.0,  0.185
663,  338.0,  0.185
664,  337.0,  0.186
665,  336.0,  0.189
666,  335.0,  0.192
667,  334.0,  0.198
668,  333.0,  0.206
669,  332.0,  0.216
670,  331.0,  0.229
671,  330.0,  0.245
672,  329.0,  0.264
673,  328.0,  0.288
674,  327.0,  0.315
675,  326.0,  0.345
676,  325.0,  0.377
677,  324.0,  0.412
678,  323.0,  0.450
679,  322.0,  0.490
680,  321.0,  0.534
681,  320.0,  0.582
682,  319.0,  0.632
683,  318.0,  0.677
684,  317.0,  0.719
685,  316.0,  0.770
686,  315.0,  0.784
687,  314.0,  0.834
688,  313.0,  0.842
689,  312.0,  0.879
690,  311.0,  0.889
691,  310.0,  0.887
692,  309.0,  0.869
693,  308.0,  0.934
694,  307.0,  0.803
695,  306.0,  0.784
696,  305.0,  0.726
697,  304.0,  0.696
698,  303.0,  0.746
699,  302.0,  0.703
700,  301.0,  0.648
701,  300.0,  0.738
702,  299.0,  0.629
703,  298.0,  0.566
704,  297.0,  0.590
705,  296.0,  0.689
706,  295.0,  0.687
707,  294.0,  0.533
708,  293.0,  0.493
709,  292.0,  0.462
710,  291.0,  0.546
711,  290.0,  0.444
712,  289.0,  0.391
713,  288.0,  0.378
714,  287.0,  0.389
715,  286.0,  0.419
716,  285.0,  0.278
717,  284.0,  0.344
718,  283.0,  0.312
719,  282.0,  0.294
720,  281.0,  0.281
721,  280.0,  0.391
722,  279.0,  0.376
723,  278.0,  0.389
724,  277.0,  0.406
725,  276.0,  0.456
726,  275.0,  0.473
727,  274.0,  0.318
728,  273.0,  0.456
730,  271.0,  0.500
731,  270.0,  0.598
732,  269.0,  0.585
733,  268.0,  0.572
734,  267.0,  0.847
735,  266.0,  0.524
736,  265.0,  0.490
737,  264.0,  0.656
738,  263.0,  0.671
739,  262.0,  0.645
740,  261.0,  0.533
741,  260.0,  0.643
742,  259.0,  0.549
743,  258.0,  0.658
744,  257.0,  0.630
745,  256.0,  0.562
746,  255.0,  0.686
747,  254.0,  0.687
748,  253.0,  0.674
749,  252.0,  0.804
750,  251.0,  0.671
751,  250.0,  0.548
752,  249.0,  0.548
753,  248.0,  0.372
754,  247.0,  0.423
755,  246.0,  0.372
756,  245.0,  0.400
757,  244.0,  0.398
758,  243.0,  0.398
759,  242.0,  0.426
760,  241.0,  0.426
761,  240.0,  0.398
762,  239.0,  0.426
763,  238.0,  0.602
764,  237.0,  0.452
765,  236.0,  0.602
766,  235.0,  0.602
767,  234.0,  0.426
768,  233.0,  0.426
769,  232.0,  0.426
770,  231.0,  0.602
771,  230.0,  0.426
772,  229.0,  0.674
773,  228.0,  0.674
774,  227.0,  0.472
775,  226.0,  0.498
776,  225.0,  0.472
777,  224.0,  0.426
778,  223.0,  0.652
779,  222.0,  0.652
780,  221.0,  0.692
781,  220.0,  0.739
782,  219.0,  0.577
783,  218.0,  0.702
784,  217.0,  0.699
785,  216.0,  0.537
786,  215.0,  0.535
787,  214.0,  0.547
788,  213.0,  0.576
789,  212.0,  0.551
790,  211.0,  0.646
791,  210.0,  0.493
792,  209.0,  0.645
793,  208.0,  0.674
794,  207.0,  0.477
795,  206.0,  0.615
796,  205.0,  0.547
797,  204.0,  0.568
798,  203.0,  0.574
799,  202.0,  0.462
800,  201.0,  0.627
801,  200.0,  0.727
802,  199.0,  0.533
803,  198.0,  0.558
804,  197.0,  0.420
805,  196.0,  0.484
806,  195.0,  0.647
807,  194.0,  0.518
808,  193.0,  0.597
809,  192.0,  0.644
810,  191.0,  0.576
811,  190.0,  0.665
