Measure Mode: ABSORB
StartWaveLength: 1000.0
EndWaveLength:  190.0
Step:   1nm
ID, WaveLength, VALUE
1, 1000.0, -0.007
2,  999.0, -0.007
3,  998.0, -0.007
4,  997.0, -0.007
5,  996.0, -0.007
6,  995.0, -0.007
7,  994.0, -0.007
8,  993.0, -0.007
9,  992.0, -0.007
10,  991.0, -0.007
11,  990.0, -0.007
12,  989.0, -0.007
13,  988.0, -0.007
14,  987.0, -0.007
15,  986.0, -0.007
16,  985.0, -0.008
17,  984.0, -0.008
18,  983.0, -0.008
19,  982.0, -0.008
20,  981.0, -0.008
21,  980.0, -0.008
22,  979.0, -0.008
23,  978.0, -0.008
24,  977.0, -0.008
25,  976.0, -0.008
26,  975.0, -0.008
27,  974.0, -0.008
28,  973.0, -0.008
29,  972.0, -0.008
30,  971.0, -0.008
31,  970.0, -0.008
32,  969.0, -0.008
33,  968.0, -0.008
34,  967.0, -0.008
35,  966.0, -0.008
36,  965.0, -0.008
37,  964.0, -0.008
38,  963.0, -0.008
39,  962.0, -0.008
40,  961.0, -0.008
41,  960.0, -0.008
42,  959.0, -0.008
43,  958.0, -0.008
44,  957.0, -0.008
45,  956.0, -0.008
46,  955.0, -0.008
47,  954.0, -0.007
48,  953.0, -0.007
49,  952.0, -0.007
50,  951.0, -0.007
51,  950.0, -0.006
52,  949.0, -0.006
53,  948.0, -0.006
54,  947.0, -0.006
55,  946.0, -0.006
56,  945.0, -0.005
57,  944.0, -0.005
58,  943.0, -0.005
59,  942.0, -0.005
60,  941.0, -0.005
61,  940.0, -0.005
62,  939.0, -0.005
63,  938.0, -0.005
64,  937.0, -0.005
65,  936.0, -0.005
66,  935.0, -0.005
67,  934.0, -0.005
68,  933.0, -0.005
69,  932.0, -0.005
70,  931.0, -0.005
71,  930.0, -0.005
72,  929.0, -0.004
73,  928.0, -0.004
74,  927.0, -0.004
75,  926.0, -0.004
76,  925.0, -0.004
77,  924.0, -0.004
78,  923.0, -0.004
79,  922.0, -0.004
80,  921.0, -0.004
81,  920.0, -0.004
82,  919.0, -0.004
83,  918.0, -0.004
84,  917.0, -0.004
85,  916.0, -0.004
86,  915.0, -0.004
87,  914.0, -0.004
88,  913.0, -0.004
89,  912.0, -0.004
90,  911.0, -0.004
91,  910.0, -0.004
92,  909.0, -0.004
93,  908.0, -0.004
94,  907.0, -0.004
95,  906.0, -0.004
96,  905.0, -0.004
97,  904.0, -0.004
98,  903.0, -0.004
100,  901.0, -0.004
101,  900.0, -0.004
102,  899.0, -0.004
103,  898.0, -0.004
104,  897.0, -0.004
105,  896.0, -0.004
106,  895.0, -0.004
107,  894.0, -0.004
108,  893.0, -0.004
109,  892.0, -0.004
110,  891.0, -0.004
111,  890.0, -0.004
112,  889.0, -0.004
113,  888.0, -0.004
114,  887.0, -0.004
115,  886.0, -0.004
116,  885.0, -0.004
117,  884.0, -0.004
118,  883.0, -0.004
119,  882.0, -0.004
120,  881.0, -0.004
121,  880.0, -0.004
122,  879.0, -0.004
123,  878.0, -0.004
124,  877.0, -0.004
125,  876.0, -0.004
126,  875.0, -0.004
127,  874.0, -0.004
128,  873.0, -0.004
129,  872.0, -0.003
130,  871.0, -0.004
131,  870.0, -0.004
132,  869.0, -0.004
133,  868.0, -0.004
134,  867.0, -0.004
135,  866.0, -0.004
136,  865.0, -0.004
137,  864.0, -0.004
138,  863.0, -0.004
139,  862.0, -0.004
140,  861.0, -0.004
141,  860.0, -0.004
142,  859.0, -0.004
143,  858.0, -0.004
144,  857.0, -0.003
145,  856.0, -0.004
146,  855.0, -0.004
147,  854.0, -0.003
148,  853.0, -0.004
149,  852.0, -0.003
150,  851.0, -0.004
151,  850.0, -0.003
152,  849.0, -0.003
153,  848.0, -0.003
154,  847.0, -0.003
155,  846.0, -0.003
156,  845.0, -0.003
157,  844.0, -0.003
158,  843.0, -0.003
159,  842.0, -0.003
160,  841.0, -0.003
161,  840.0, -0.003
162,  839.0, -0.003
163,  838.0, -0.003
164,  837.0, -0.003
165,  836.0, -0.003
166,  835.0, -0.003
167,  834.0, -0.003
168,  833.0, -0.003
169,  832.0, -0.003
170,  831.0, -0.003
171,  830.0, -0.003
172,  829.0, -0.003
173,  828.0, -0.003
174,  827.0, -0.003
175,  826.0, -0.003
176,  825.0, -0.003
177,  824.0, -0.003
178,  823.0, -0.003
179,  822.0, -0.003
180,  821.0, -0.003
181,  820.0, -0.003
182,  819.0, -0.003
183,  818.0, -0.003
184,  817.0, -0.003
185,  816.0, -0.003
186,  815.0, -0.003
187,  814.0, -0.003
188,  813.0, -0.003
189,  812.0, -0.003
190,  811.0, -0.003
191,  810.0, -0.003
192,  809.0, -0.003
193,  808.0, -0.003
194,  807.0, -0.003
195,  806.0, -0.003
196,  805.0, -0.003
197,  804.0, -0.003
198,  803.0, -0.003
199,  802.0, -0.003
200,  801.0, -0.003
201,  800.0, -0.003
202,  799.0, -0.003
203,  798.0, -0.003
204,  797.0, -0.003
205,  796.0, -0.003
206,  795.0, -0.003
207,  794.0, -0.003
208,  793.0, -0.003
209,  792.0, -0.003
210,  791.0, -0.003
211,  790.0, -0.003
212,  789.0, -0.003
213,  788.0, -0.003
214,  787.0, -0.003
215,  786.0, -0.003
216,  785.0, -0.003
217,  784.0, -0.003
218,  783.0, -0.003
219,  782.0, -0.003
220,  781.0, -0.003
222,  779.0, -0.003
223,  778.0, -0.003
224,  777.0, -0.003
225,  776.0, -0.003
226,  775.0, -0.003
227,  774.0, -0.003
228,  773.0, -0.003
229,  772.0, -0.003
230,  771.0, -0.003
231,  770.0, -0.003
232,  769.0, -0.003
233,  768.0, -0.003
234,  767.0, -0.003
235,  766.0, -0.003
236,  765.0, -0.003
237,  764.0, -0.003
238,  763.0, -0.003
239,  762.0, -0.003
240,  761.0, -0.003
241,  760.0, -0.003
242,  759.0, -0.003
243,  758.0, -0.003
244,  757.0, -0.003
245,  756.0, -0.003
246,  755.0, -0.003
247,  754.0, -0.003
248,  753.0, -0.003
249,  752.0, -0.003
250,  751.0, -0.003
251,  750.0, -0.003
252,  749.0, -0.003
253,  748.0, -0.003
254,  747.0, -0.003
255,  746.0, -0.003
256,  745.0, -0.003
257,  744.0, -0.003
258,  743.0, -0.003
259,  742.0, -0.003
260,  741.0, -0.003
261,  740.0, -0.003
262,  739.0, -0.003
263,  738.0, -0.003
264,  737.0, -0.003
265,  736.0, -0.003
266,  735.0, -0.003
267,  734.0, -0.003
268,  733.0, -0.003
269,  732.0, -0.002
270,  731.0, -0.002
271,  730.0, -0.002
272,  729.0, -0.002
273,  728.0, -0.002
274,  727.0, -0.002
275,  726.0, -0.002
276,  725.0, -0.002
277,  724.0, -0.002
278,  723.0, -0.002
279,  722.0, -0.002
280,  721.0, -0.002
281,  720.0, -0.002
282,  719.0, -0.002
283,  718.0, -0.002
284,  717.0, -0.002
285,  716.0, -0.002
286,  715.0, -0.002
287,  714.0, -0.002
288,  713.0, -0.002
289,  712.0, -0.002
290,  711.0, -0.001
291,  710.0, -0.001
292,  709.0, -0.001
293,  708.0, -0.001
294,  707.0, -0.001
295,  706.0, -0.001
296,  705.0, -0.001
297,  704.0, -0.001
298,  703.0, -0.001
299,  702.0, -0.001
300,  701.0, -0.001
301,  700.0, -0.001
302,  699.0, -0.001
303,  698.0, -0.001
304,  697.0, -0.001
305,  696.0, -0.001
306,  695.0, -0.001
307,  694.0, -0.001
308,  693.0, -0.000
309,  692.0, -0.000
310,  691.0, -0.000
311,  690.0, -0.000
312,  689.0, -0.000
313,  688.0,  0.000
314,  687.0,  0.000
315,  686.0,  0.000
316,  685.0,  0.000
317,  684.0,  0.000
318,  683.0,  0.000
319,  682.0,  0.001
320,  681.0,  0.001
321,  680.0,  0.001
322,  679.0,  0.001
323,  678.0,  0.001
324,  677.0,  0.001
325,  676.0,  0.001
326,  675.0,  0.001
327,  674.0,  0.001
328,  673.0,  0.001
329,  672.0,  0.001
330,  671.0,  0.002
331,  670.0,  0.002
332,  669.0,  0.002
333,  668.0,  0.002
334,  667.0,  0.002
335,  666.0,  0.002
336,  665.0,  0.002
337,  664.0,  0.002
338,  663.0,  0.003
339,  662.0,  0.003
340,  661.0,  0.003
341,  660.0,  0.003
342,  659.0,  0.003
344,  657.0,  0.004
345,  656.0,  0.004
346,  655.0,  0.004
347,  654.0,  0.004
348,  653.0,  0.004
349,  652.0,  0.005
350,  651.0,  0.005
351,  650.0,  0.005
352,  649.0,  0.005
353,  648.0,  0.006
354,  647.0,  0.006
355,  646.0,  0.006
356,  645.0,  0.007
357,  644.0,  0.007
358,  643.0,  0.007
359,  642.0,  0.008
360,  641.0,  0.008
361,  640.0,  0.008
362,  639.0,  0.009
363,  638.0,  0.009
364,  637.0,  0.010
365,  636.0,  0.010
366,  635.0,  0.011
367,  634.0,  0.011
368,  633.0,  0.012
369,  632.0,  0.012
370,  631.0,  0.013
371,  630.0,  0.013
372,  629.0,  0.014
373,  628.0,  0.015
374,  627.0,  0.015
375,  626.0,  0.016
376,  625.0,  0.017
377,  624.0,  0.018
378,  623.0,  0.019
379,  622.0,  0.020
380,  621.0,  0.021
381,  620.0,  0.022
382,  619.0,  0.023
383,  618.0,  0.024
384,  617.0,  0.025
385,  616.0,  0.027
386,  615.0,  0.028
387,  614.0,  0.029
388,  613.0,  0.031
389,  612.0,  0.032
390,  611.0,  0.034
391,  610.0,  0.035
392,  609.0,  0.037
393,  608.0,  0.039
394,  607.0,  0.041
395,  606.0,  0.043
396,  605.0,  0.045
397,  604.0,  0.047
398,  603.0,  0.049
399,  602.0,  0.051
400,  601.0,  0.054
401,  600.0,  0.056
402,  599.0,  0.058
403,  598.0,  0.061
404,  597.0,  0.063
405,  596.0,  0.066
406,  595.0,  0.069
407,  594.0,  0.072
408,  593.0,  0.075
409,  592.0,  0.078
410,  591.0,  0.081
411,  590.0,  0.085
412,  589.0,  0.088
413,  588.0,  0.091
414,  587.0,  0.095
415,  586.0,  0.098
416,  585.0,  0.102
417,  584.0,  0.106
418,  583.0,  0.110
419,  582.0,  0.114
420,  581.0,  0.118
421,  580.0,  0.122
422,  579.0,  0.126
423,  578.0,  0.130
424,  577.0,  0.134
425,  576.0,  0.138
426,  575.0,  0.142
427,  574.0,  0.146
428,  573.0,  0.150
429,  572.0,  0.155
430,  571.0,  0.159
431,  570.0,  0.163
432,  569.0,  0.167
433,  568.0,  0.172
434,  567.0,  0.176
435,  566.0,  0.181
436,  565.0,  0.185
437,  564.0,  0.189
438,  563.0,  0.193
439,  562.0,  0.197
440,  561.0,  0.201
441,  560.0,  0.205
442,  559.0,  0.209
443,  558.0,  0.213
444,  557.0,  0.217
445,  556.0,  0.221
446,  555.0,  0.225
447,  554.0,  0.228
448,  553.0,  0.232
449,  552.0,  0.235
450,  551.0,  0.238
451,  550.0,  0.241
452,  549.0,  0.245
453,  548.0,  0.248
454,  547.0,  0.250
455,  546.0,  0.253
456,  545.0,  0.256
457,  544.0,  0.258
458,  543.0,  0.261
459,  542.0,  0.263
460,  541.0,  0.265
461,  540.0,  0.267
462,  539.0,  0.269
463,  538.0,  0.270
464,  537.0,  0.272
465,  536.0,  0.273
466,  535.0,  0.275
467,  534.0,  0.276
468,  533.0,  0.277
469,  532.0,  0.277
470,  531.0,  0.278
471,  530.0,  0.279
472,  529.0,  0.279
473,  528.0,  0.279
474,  527.0,  0.279
475,  526.0,  0.279
476,  525.0,  0.279
477,  524.0,  0.279
478,  523.0,  0.278
479,  522.0,  0.278
480,  521.0,  0.277
481,  520.0,  0.276
482,  519.0,  0.275
483,  518.0,  0.274
484,  517.0,  0.273
485,  516.0,  0.272
486,  515.0,  0.270
487,  514.0,  0.269
488,  513.0,  0.268
489,  512.0,  0.266
490,  511.0,  0.264
491,  510.0,  0.262
492,  509.0,  0.261
493,  508.0,  0.259
494,  507.0,  0.257
495,  506.0,  0.255
496,  505.0,  0.253
497,  504.0,  0.250
498,  503.0,  0.248
499,  502.0,  0.246
500,  501.0,  0.244
501,  500.0,  0.242
502,  499.0,  0.239
503,  498.0,  0.237
504,  497.0,  0.235
505,  496.0,  0.232
506,  495.0,  0.230
507,  494.0,  0.227
508,  493.0,  0.225
509,  492.0,  0.222
510,  491.0,  0.220
511,  490.0,  0.218
512,  489.0,  0.215
513,  488.0,  0.213
514,  487.0,  0.210
515,  486.0,  0.208
516,  485.0,  0.205
517,  484.0,  0.203
518,  483.0,  0.200
519,  482.0,  0.198
520,  481.0,  0.195
521,  480.0,  0.193
522,  479.0,  0.190
523,  478.0,  0.188
524,  477.0,  0.185
525,  476.0,  0.183
526,  475.0,  0.180
527,  474.0,  0.177
528,  473.0,  0.175
529,  472.0,  0.172
530,  471.0,  0.169
531,  470.0,  0.166
532,  469.0,  0.164
533,  468.0,  0.161
534,  467.0,  0.159
535,  466.0,  0.156
536,  465.0,  0.153
537,  464.0,  0.150
538,  463.0,  0.147
539,  462.0,  0.144
540,  461.0,  0.142
541,  460.0,  0.139
542,  459.0,  0.136
543,  458.0,  0.133
544,  457.0,  0.130
545,  456.0,  0.127
546,  455.0,  0.124
547,  454.0,  0.121
548,  453.0,  0.119
549,  452.0,  0.115
550,  451.0,  0.113
551,  450.0,  0.110
552,  449.0,  0.107
553,  448.0,  0.104
554,  447.0,  0.101
555,  446.0,  0.098
556,  445.0,  0.096
557,  444.0,  0.093
558,  443.0,  0.090
559,  442.0,  0.088
560,  441.0,  0.085
561,  440.0,  0.083
562,  439.0,  0.080
563,  438.0,  0.078
564,  437.0,  0.076
565,  436.0,  0.074
566,  435.0,  0.071
567,  434.0,  0.070
568,  433.0,  0.068
569,  432.0,  0.066
570,  431.0,  0.064
571,  430.0,  0.062
572,  429.0,  0.061
573,  428.0,  0.059
574,  427.0,  0.058
575,  426.0,  0.057
576,  425.0,  0.056
577,  424.0,  0.055
578,  423.0,  0.054
579,  422.0,  0.053
580,  421.0,  0.053
581,  420.0,  0.052
582,  419.0,  0.052
583,  418.0,  0.052
584,  417.0,  0.052
585,  416.0,  0.052
586,  415.0,  0.053
587,  414.0,  0.053
588,  413.0,  0.054
589,  412.0,  0.056
590,  411.0,  0.057
591,  410.0,  0.058
592,  409.0,  0.060
593,  408.0,  0.062
594,  407.0,  0.064
595,  406.0,  0.066
596,  405.0,  0.069
597,  404.0,  0.072
598,  403.0,  0.075
599,  402.0,  0.079
600,  401.0,  0.082
601,  400.0,  0.086
602,  399.0,  0.090
603,  398.0,  0.094
604,  397.0,  0.099
605,  396.0,  0.103
606,  395.0,  0.108
607,  394.0,  0.113
608,  393.0,  0.118
609,  392.0,  0.123
610,  391.0,  0.129
611,  390.0,  0.134
612,  389.0,  0.140
613,  388.0,  0.146
614,  387.0,  0.152
615,  386.0,  0.157
616,  385.0,  0.163
617,  384.0,  0.169
618,  383.0,  0.174
619,  382.0,  0.180
620,  381.0,  0.186
621,  380.0,  0.191
622,  379.0,  0.197
623,  378.0,  0.202
624,  377.0,  0.208
625,  376.0,  0.213
626,  375.0,  0.218
627,  374.0,  0.223
628,  373.0,  0.227
629,  372.0,  0.231
630,  371.0,  0.234
631,  370.0,  0.238
632,  369.0,  0.243
633,  368.0,  0.245
634,  367.0,  0.248
635,  366.0,  0.249
636,  365.0,  0.251
637,  364.0,  0.252
638,  363.0,  0.253
639,  362.0,  0.253
640,  361.0,  0.252
641,  360.0,  0.252
642,  359.0,  0.250
643,  358.0,  0.249
644,  357.0,  0.247
645,  356.0,  0.245
646,  355.0,  0.242
647,  354.0,  0.239
648,  353.0,  0.235
649,  352.0,  0.232
650,  351.0,  0.228
651,  350.0,  0.223
652,  349.0,  0.219
653,  348.0,  0.215
654,  347.0,  0.210
655,  346.0,  0.205
656,  345.0,  0.200
657,  344.0,  0.195
658,  343.0,  0.190
659,  342.0,  0.186
660,  341.0,  0.181
661,  340.0,  0.177
662,  339.0,  0.167
663,  338.0,  0.164
664,  337.0,  0.161
665,  336.0,  0.159
666,  335.0,  0.158
667,  334.0,  0.157
668,  333.0,  0.158
669,  332.0,  0.160
670,  331.0,  0.163
671,  330.0,  0.168
672,  329.0,  0.175
673,  328.0,  0.183
674,  327.0,  0.194
675,  326.0,  0.206
676,  325.0,  0.219
677,  324.0,  0.235
678,  323.0,  0.251
679,  322.0,  0.269
680,  321.0,  0.290
681,  320.0,  0.310
682,  319.0,  0.332
683,  318.0,  0.356
684,  317.0,  0.372
685,  316.0,  0.395
686,  315.0,  0.411
687,  314.0,  0.428
688,  313.0,  0.438
689,  312.0,  0.457
690,  311.0,  0.478
691,  310.0,  0.501
692,  309.0,  0.503
693,  308.0,  0.487
694,  307.0,  0.485
695,  306.0,  0.473
696,  305.0,  0.480
697,  304.0,  0.503
698,  303.0,  0.492
699,  302.0,  0.527
700,  301.0,  0.497
701,  300.0,  0.543
702,  299.0,  0.519
703,  298.0,  0.469
704,  297.0,  0.427
705,  296.0,  0.494
706,  295.0,  0.372
707,  294.0,  0.465
708,  293.0,  0.424
709,  292.0,  0.380
710,  291.0,  0.449
711,  290.0,  0.393
712,  289.0,  0.312
713,  288.0,  0.363
714,  287.0,  0.433
715,  286.0,  0.389
716,  285.0,  0.372
717,  284.0,  0.344
718,  283.0,  0.391
719,  282.0,  0.419
720,  281.0,  0.391
721,  280.0,  0.503
722,  279.0,  0.376
723,  278.0,  0.516
724,  277.0,  0.518
725,  276.0,  0.441
726,  275.0,  0.503
727,  274.0,  0.302
728,  273.0,  0.471
729,  272.0,  0.471
730,  271.0,  0.515
731,  270.0,  0.613
732,  269.0,  0.761
733,  268.0,  0.602
734,  267.0,  0.671
735,  266.0,  0.555
736,  265.0,  0.520
737,  264.0,  0.685
738,  263.0,  0.561
739,  262.0,  0.645
740,  261.0,  0.533
741,  260.0,  0.672
742,  259.0,  0.535
743,  258.0,  0.562
744,  257.0,  0.660
745,  256.0,  0.701
746,  255.0,  0.671
747,  254.0,  0.687
748,  253.0,  0.660
749,  252.0,  0.628
750,  251.0,  0.861
751,  250.0,  0.372
752,  249.0,  0.548
753,  248.0,  0.548
754,  247.0,  0.627
755,  246.0,  0.576
756,  245.0,  0.400
757,  244.0,  0.602
758,  243.0,  0.426
759,  242.0,  0.602
760,  241.0,  0.426
761,  240.0,  0.602
762,  239.0,  0.452
763,  238.0,  0.452
764,  237.0,  0.629
765,  236.0,  0.629
766,  235.0,  0.452
767,  234.0,  0.629
768,  233.0,  0.629
769,  232.0,  0.452
770,  231.0,  0.629
771,  230.0,  0.629
772,  229.0,  0.674
773,  228.0,  0.674
774,  227.0,  0.674
775,  226.0,  0.674
776,  225.0,  0.648
777,  224.0,  0.602
778,  223.0,  0.940
779,  222.0,  0.751
780,  221.0,  0.868
781,  220.0,  0.739
782,  219.0,  0.702
783,  218.0,  0.865
784,  217.0,  0.727
785,  216.0,  0.676
786,  215.0,  0.674
787,  214.0,  0.728
788,  213.0,  0.715
789,  212.0,  0.838
790,  211.0,  0.660
791,  210.0,  0.632
792,  209.0,  0.534
793,  208.0,  0.850
794,  207.0,  0.778
795,  206.0,  0.585
796,  205.0,  0.834
797,  204.0,  0.744
798,  203.0,  0.720
799,  202.0,  0.486
800,  201.0,  0.611
801,  200.0,  0.719
802,  199.0,  0.432
803,  198.0,  0.516
804,  197.0,  0.478
805,  196.0,  0.630
806,  195.0,  0.861
807,  194.0,  0.566
808,  193.0,  0.741
809,  192.0,  0.893
810,  191.0,  0.622
811,  190.0,  0.632
