Measure Mode: ABSORB
StartWaveLength: 1000.0
EndWaveLength:  190.0
Step:   1nm
ID, WaveLength, VALUE
1, 1000.0, -0.026
2,  999.0, -0.026
3,  998.0, -0.026
4,  997.0, -0.026
5,  996.0, -0.026
6,  995.0, -0.026
7,  994.0, -0.026
8,  993.0, -0.026
9,  992.0, -0.026
10,  991.0, -0.025
11,  990.0, -0.025
12,  989.0, -0.025
13,  988.0, -0.025
14,  987.0, -0.025
15,  986.0, -0.025
16,  985.0, -0.025
17,  984.0, -0.025
18,  983.0, -0.025
19,  982.0, -0.025
20,  981.0, -0.025
21,  980.0, -0.025
22,  979.0, -0.025
23,  978.0, -0.025
24,  977.0, -0.025
25,  976.0, -0.025
26,  975.0, -0.025
27,  974.0, -0.025
28,  973.0, -0.025
29,  972.0, -0.025
30,  971.0, -0.026
31,  970.0, -0.026
32,  969.0, -0.026
33,  968.0, -0.027
34,  967.0, -0.027
36,  965.0, -0.028
37,  964.0, -0.029
38,  963.0, -0.030
39,  962.0, -0.031
40,  961.0, -0.032
41,  960.0, -0.032
42,  959.0, -0.033
43,  958.0, -0.033
44,  957.0, -0.033
45,  956.0, -0.033
46,  955.0, -0.032
47,  954.0, -0.031
48,  953.0, -0.029
49,  952.0, -0.028
50,  951.0, -0.027
51,  950.0, -0.025
52,  949.0, -0.023
53,  948.0, -0.022
54,  947.0, -0.021
55,  946.0, -0.019
56,  945.0, -0.018
57,  944.0, -0.017
58,  943.0, -0.017
59,  942.0, -0.016
60,  941.0, -0.015
61,  940.0, -0.015
62,  939.0, -0.014
63,  938.0, -0.013
64,  937.0, -0.013
65,  936.0, -0.012
66,  935.0, -0.012
67,  934.0, -0.011
68,  933.0, -0.011
69,  932.0, -0.010
70,  931.0, -0.010
71,  930.0, -0.009
72,  929.0, -0.009
73,  928.0, -0.009
74,  927.0, -0.009
75,  926.0, -0.008
76,  925.0, -0.008
77,  924.0, -0.008
78,  923.0, -0.008
79,  922.0, -0.007
80,  921.0, -0.007
81,  920.0, -0.007
82,  919.0, -0.007
83,  918.0, -0.007
84,  917.0, -0.007
85,  916.0, -0.007
86,  915.0, -0.007
87,  914.0, -0.007
88,  913.0, -0.006
89,  912.0, -0.006
90,  911.0, -0.006
91,  910.0, -0.006
92,  909.0, -0.006
93,  908.0, -0.006
94,  907.0, -0.006
95,  906.0, -0.006
96,  905.0, -0.006
97,  904.0, -0.006
98,  903.0, -0.006
99,  902.0, -0.006
100,  901.0, -0.006
101,  900.0, -0.006
102,  899.0, -0.006
103,  898.0, -0.006
104,  897.0, -0.006
105,  896.0, -0.006
106,  895.0, -0.006
107,  894.0, -0.006
108,  893.0, -0.006
109,  892.0, -0.006
110,  891.0, -0.006
111,  890.0, -0.006
112,  889.0, -0.006
113,  888.0, -0.006
114,  887.0, -0.006
115,  886.0, -0.006
116,  885.0, -0.006
117,  884.0, -0.006
118,  883.0, -0.006
119,  882.0, -0.006
120,  881.0, -0.006
121,  880.0, -0.006
122,  879.0, -0.006
123,  878.0, -0.006
124,  877.0, -0.005
125,  876.0, -0.005
126,  875.0, -0.005
127,  874.0, -0.005
128,  873.0, -0.005
129,  872.0, -0.005
130,  871.0, -0.005
131,  870.0, -0.005
132,  869.0, -0.005
133,  868.0, -0.005
134,  867.0, -0.005
135,  866.0, -0.005
136,  865.0, -0.005
137,  864.0, -0.005
138,  863.0, -0.005
139,  862.0, -0.005
140,  861.0, -0.005
141,  860.0, -0.004
142,  859.0, -0.004
143,  858.0, -0.004
144,  857.0, -0.004
145,  856.0, -0.004
146,  855.0, -0.004
147,  854.0, -0.004
148,  853.0, -0.004
149,  852.0, -0.004
150,  851.0, -0.004
151,  850.0, -0.004
152,  849.0, -0.004
153,  848.0, -0.004
154,  847.0, -0.004
155,  846.0, -0.004
157,  844.0, -0.004
158,  843.0, -0.004
159,  842.0, -0.004
160,  841.0, -0.004
161,  840.0, -0.004
162,  839.0, -0.004
163,  838.0, -0.004
164,  837.0, -0.004
165,  836.0, -0.004
166,  835.0, -0.004
167,  834.0, -0.004
168,  833.0, -0.004
169,  832.0, -0.004
170,  831.0, -0.004
171,  830.0, -0.004
172,  829.0, -0.004
173,  828.0, -0.004
174,  827.0, -0.004
175,  826.0, -0.004
176,  825.0, -0.003
177,  824.0, -0.003
178,  823.0, -0.003
179,  822.0, -0.003
180,  821.0, -0.003
181,  820.0, -0.003
182,  819.0, -0.003
183,  818.0, -0.003
184,  817.0, -0.003
185,  816.0, -0.003
186,  815.0, -0.003
187,  814.0, -0.003
188,  813.0, -0.003
189,  812.0, -0.003
190,  811.0, -0.003
191,  810.0, -0.003
192,  809.0, -0.003
193,  808.0, -0.003
194,  807.0, -0.003
195,  806.0, -0.003
196,  805.0, -0.003
197,  804.0, -0.003
198,  803.0, -0.003
199,  802.0, -0.003
200,  801.0, -0.003
201,  800.0, -0.003
202,  799.0, -0.003
203,  798.0, -0.003
204,  797.0, -0.003
205,  796.0, -0.003
206,  795.0, -0.003
207,  794.0, -0.003
208,  793.0, -0.003
209,  792.0, -0.003
210,  791.0, -0.004
211,  790.0, -0.004
212,  789.0, -0.004
213,  788.0, -0.004
214,  787.0, -0.004
215,  786.0, -0.004
216,  785.0, -0.004
217,  784.0, -0.004
218,  783.0, -0.004
219,  782.0, -0.004
220,  781.0, -0.004
221,  780.0, -0.004
222,  779.0, -0.004
223,  778.0, -0.004
224,  777.0, -0.004
225,  776.0, -0.004
226,  775.0, -0.004
227,  774.0, -0.004
228,  773.0, -0.004
229,  772.0, -0.004
230,  771.0, -0.004
231,  770.0, -0.004
232,  769.0, -0.004
233,  768.0, -0.004
234,  767.0, -0.004
235,  766.0, -0.003
236,  765.0, -0.003
237,  764.0, -0.003
238,  763.0, -0.003
239,  762.0, -0.003
240,  761.0, -0.003
241,  760.0, -0.003
242,  759.0, -0.003
243,  758.0, -0.003
244,  757.0, -0.003
245,  756.0, -0.003
246,  755.0, -0.003
247,  754.0, -0.003
248,  753.0, -0.003
249,  752.0, -0.003
250,  751.0, -0.003
251,  750.0, -0.003
252,  749.0, -0.003
253,  748.0, -0.003
254,  747.0, -0.003
255,  746.0, -0.003
256,  745.0, -0.003
257,  744.0, -0.003
258,  743.0, -0.003
259,  742.0, -0.003
260,  741.0, -0.003
261,  740.0, -0.003
262,  739.0, -0.003
263,  738.0, -0.003
264,  737.0, -0.004
265,  736.0, -0.004
266,  735.0, -0.004
267,  734.0, -0.004
268,  733.0, -0.003
269,  732.0, -0.003
270,  731.0, -0.003
271,  730.0, -0.003
272,  729.0, -0.003
273,  728.0, -0.003
274,  727.0, -0.003
275,  726.0, -0.003
276,  725.0, -0.003
278,  723.0, -0.002
279,  722.0, -0.002
280,  721.0, -0.002
281,  720.0, -0.002
282,  719.0, -0.002
283,  718.0, -0.002
284,  717.0, -0.002
285,  716.0, -0.002
286,  715.0, -0.002
287,  714.0, -0.002
288,  713.0, -0.002
289,  712.0, -0.002
290,  711.0, -0.002
291,  710.0, -0.002
292,  709.0, -0.002
293,  708.0, -0.002
294,  707.0, -0.002
295,  706.0, -0.002
296,  705.0, -0.002
297,  704.0, -0.002
298,  703.0, -0.002
299,  702.0, -0.002
300,  701.0, -0.002
301,  700.0, -0.002
302,  699.0, -0.001
303,  698.0, -0.001
304,  697.0, -0.001
305,  696.0, -0.001
306,  695.0, -0.001
307,  694.0, -0.001
308,  693.0, -0.001
309,  692.0, -0.001
310,  691.0, -0.001
311,  690.0, -0.001
312,  689.0, -0.001
313,  688.0, -0.001
314,  687.0, -0.001
315,  686.0, -0.001
316,  685.0, -0.001
317,  684.0, -0.001
318,  683.0, -0.001
319,  682.0, -0.001
320,  681.0, -0.001
321,  680.0, -0.000
322,  679.0, -0.000
323,  678.0, -0.000
324,  677.0, -0.000
325,  676.0, -0.000
326,  675.0, -0.000
327,  674.0, -0.000
328,  673.0, -0.000
329,  672.0, -0.000
330,  671.0, -0.000
331,  670.0,  0.000
332,  669.0,  0.000
333,  668.0,  0.000
334,  667.0,  0.000
335,  666.0,  0.000
336,  665.0,  0.000
337,  664.0,  0.000
338,  663.0,  0.000
339,  662.0,  0.001
340,  661.0,  0.001
341,  660.0,  0.001
342,  659.0,  0.001
343,  658.0,  0.001
344,  657.0,  0.001
345,  656.0,  0.001
346,  655.0,  0.001
347,  654.0,  0.001
348,  653.0,  0.001
349,  652.0,  0.002
350,  651.0,  0.002
351,  650.0,  0.002
352,  649.0,  0.002
353,  648.0,  0.002
354,  647.0,  0.002
355,  646.0,  0.002
356,  645.0,  0.003
357,  644.0,  0.003
358,  643.0,  0.003
359,  642.0,  0.003
360,  641.0,  0.003
361,  640.0,  0.003
362,  639.0,  0.004
363,  638.0,  0.004
364,  637.0,  0.004
365,  636.0,  0.004
366,  635.0,  0.004
367,  634.0,  0.005
368,  633.0,  0.005
369,  632.0,  0.005
370,  631.0,  0.005
371,  630.0,  0.006
372,  629.0,  0.006
373,  628.0,  0.006
374,  627.0,  0.007
375,  626.0,  0.007
376,  625.0,  0.007
377,  624.0,  0.008
378,  623.0,  0.008
379,  622.0,  0.008
380,  621.0,  0.009
381,  620.0,  0.009
382,  619.0,  0.010
383,  618.0,  0.010
384,  617.0,  0.011
385,  616.0,  0.011
386,  615.0,  0.012
387,  614.0,  0.012
388,  613.0,  0.013
389,  612.0,  0.014
390,  611.0,  0.014
391,  610.0,  0.015
392,  609.0,  0.016
393,  608.0,  0.016
394,  607.0,  0.017
395,  606.0,  0.018
396,  605.0,  0.019
397,  604.0,  0.020
398,  603.0,  0.021
405,  596.0,  0.028
406,  595.0,  0.029
407,  594.0,  0.030
408,  593.0,  0.032
409,  592.0,  0.033
410,  591.0,  0.034
411,  590.0,  0.036
412,  589.0,  0.037
413,  588.0,  0.039
414,  587.0,  0.040
415,  586.0,  0.042
416,  585.0,  0.043
417,  584.0,  0.045
418,  583.0,  0.047
419,  582.0,  0.049
420,  581.0,  0.050
421,  580.0,  0.052
422,  579.0,  0.054
423,  578.0,  0.056
424,  577.0,  0.058
425,  576.0,  0.060
426,  575.0,  0.062
427,  574.0,  0.064
428,  573.0,  0.066
429,  572.0,  0.068
430,  571.0,  0.070
431,  570.0,  0.072
432,  569.0,  0.074
433,  568.0,  0.076
434,  567.0,  0.078
435,  566.0,  0.080
436,  565.0,  0.082
437,  564.0,  0.085
438,  563.0,  0.087
439,  562.0,  0.089
440,  561.0,  0.091
441,  560.0,  0.093
442,  559.0,  0.095
443,  558.0,  0.098
444,  557.0,  0.100
445,  556.0,  0.102
446,  555.0,  0.104
447,  554.0,  0.106
448,  553.0,  0.108
449,  552.0,  0.110
450,  551.0,  0.112
451,  550.0,  0.114
452,  549.0,  0.116
453,  548.0,  0.118
454,  547.0,  0.120
455,  546.0,  0.122
456,  545.0,  0.124
457,  544.0,  0.126
458,  543.0,  0.127
459,  542.0,  0.129
460,  541.0,  0.131
461,  540.0,  0.132
462,  539.0,  0.134
463,  538.0,  0.135
464,  537.0,  0.136
465,  536.0,  0.138
466,  535.0,  0.139
467,  534.0,  0.140
468,  533.0,  0.142
469,  532.0,  0.143
470,  531.0,  0.144
471,  530.0,  0.145
472,  529.0,  0.145
473,  528.0,  0.146
474,  527.0,  0.147
475,  526.0,  0.148
476,  525.0,  0.148
477,  524.0,  0.149
478,  523.0,  0.149
479,  522.0,  0.149
480,  521.0,  0.150
481,  520.0,  0.150
482,  519.0,  0.150
483,  518.0,  0.150
484,  517.0,  0.150
485,  516.0,  0.150
486,  515.0,  0.150
487,  514.0,  0.150
488,  513.0,  0.149
489,  512.0,  0.149
490,  511.0,  0.149
491,  510.0,  0.148
492,  509.0,  0.148
493,  508.0,  0.147
494,  507.0,  0.146
495,  506.0,  0.146
496,  505.0,  0.145
497,  504.0,  0.144
498,  503.0,  0.143
499,  502.0,  0.142
500,  501.0,  0.142
501,  500.0,  0.141
502,  499.0,  0.140
503,  498.0,  0.139
504,  497.0,  0.137
505,  496.0,  0.136
506,  495.0,  0.135
507,  494.0,  0.134
508,  493.0,  0.133
509,  492.0,  0.132
510,  491.0,  0.130
511,  490.0,  0.129
512,  489.0,  0.128
513,  488.0,  0.127
514,  487.0,  0.125
515,  486.0,  0.124
516,  485.0,  0.123
517,  484.0,  0.121
518,  483.0,  0.120
519,  482.0,  0.119
520,  481.0,  0.117
521,  480.0,  0.116
522,  479.0,  0.115
523,  478.0,  0.113
524,  477.0,  0.112
526,  475.0,  0.109
527,  474.0,  0.107
528,  473.0,  0.106
529,  472.0,  0.104
530,  471.0,  0.102
531,  470.0,  0.101
532,  469.0,  0.099
533,  468.0,  0.098
534,  467.0,  0.096
535,  466.0,  0.094
536,  465.0,  0.093
537,  464.0,  0.091
538,  463.0,  0.089
539,  462.0,  0.088
540,  461.0,  0.086
541,  460.0,  0.084
542,  459.0,  0.082
543,  458.0,  0.081
544,  457.0,  0.079
545,  456.0,  0.077
546,  455.0,  0.076
547,  454.0,  0.074
548,  453.0,  0.072
549,  452.0,  0.070
550,  451.0,  0.069
551,  450.0,  0.067
552,  449.0,  0.065
553,  448.0,  0.063
554,  447.0,  0.061
555,  446.0,  0.060
556,  445.0,  0.058
557,  444.0,  0.057
558,  443.0,  0.055
559,  442.0,  0.053
560,  441.0,  0.052
561,  440.0,  0.050
562,  439.0,  0.049
563,  438.0,  0.047
564,  437.0,  0.046
565,  436.0,  0.045
566,  435.0,  0.043
567,  434.0,  0.042
568,  433.0,  0.041
569,  432.0,  0.040
570,  431.0,  0.039
571,  430.0,  0.038
572,  429.0,  0.037
573,  428.0,  0.036
574,  427.0,  0.035
575,  426.0,  0.034
576,  425.0,  0.033
577,  424.0,  0.032
578,  423.0,  0.032
579,  422.0,  0.031
580,  421.0,  0.031
581,  420.0,  0.030
582,  419.0,  0.030
583,  418.0,  0.030
584,  417.0,  0.030
585,  416.0,  0.029
586,  415.0,  0.029
587,  414.0,  0.030
588,  413.0,  0.030
589,  412.0,  0.030
590,  411.0,  0.030
591,  410.0,  0.031
592,  409.0,  0.032
593,  408.0,  0.032
594,  407.0,  0.033
595,  406.0,  0.034
596,  405.0,  0.035
597,  404.0,  0.036
598,  403.0,  0.038
599,  402.0,  0.039
600,  401.0,  0.040
601,  400.0,  0.042
602,  399.0,  0.044
603,  398.0,  0.046
604,  397.0,  0.047
605,  396.0,  0.049
606,  395.0,  0.051
607,  394.0,  0.053
608,  393.0,  0.056
609,  392.0,  0.058
610,  391.0,  0.061
611,  390.0,  0.063
612,  389.0,  0.066
613,  388.0,  0.068
614,  387.0,  0.071
615,  386.0,  0.073
616,  385.0,  0.076
617,  384.0,  0.079
618,  383.0,  0.081
619,  382.0,  0.084
620,  381.0,  0.087
621,  380.0,  0.089
622,  379.0,  0.092
623,  378.0,  0.095
624,  377.0,  0.098
625,  376.0,  0.101
626,  375.0,  0.104
627,  374.0,  0.107
628,  373.0,  0.109
629,  372.0,  0.112
630,  371.0,  0.114
631,  370.0,  0.116
632,  369.0,  0.120
633,  368.0,  0.121
634,  367.0,  0.124
635,  366.0,  0.126
636,  365.0,  0.128
637,  364.0,  0.130
638,  363.0,  0.131
639,  362.0,  0.133
640,  361.0,  0.135
641,  360.0,  0.136
642,  359.0,  0.138
643,  358.0,  0.140
644,  357.0,  0.142
645,  356.0,  0.144
646,  355.0,  0.147
647,  354.0,  0.150
648,  353.0,  0.154
649,  352.0,  0.158
650,  351.0,  0.164
651,  350.0,  0.171
652,  349.0,  0.179
653,  348.0,  0.189
654,  347.0,  0.202
655,  346.0,  0.217
656,  345.0,  0.236
657,  344.0,  0.259
658,  343.0,  0.287
659,  342.0,  0.321
660,  341.0,  0.360
661,  340.0,  0.409
662,  339.0,  0.492
663,  338.0,  0.567
664,  337.0,  0.654
665,  336.0,  0.756
666,  335.0,  0.875
667,  334.0,  1.020
668,  333.0,  1.192
669,  332.0,  1.395
670,  331.0,  1.625
671,  330.0,  1.883
672,  329.0,  2.143
673,  328.0,  2.409
674,  327.0,  2.620
675,  326.0,  2.699
676,  325.0,  2.620
677,  324.0,  2.602
678,  323.0,  2.469
679,  322.0,  2.444
680,  321.0,  2.387
681,  320.0,  2.222
682,  319.0,  1.991
683,  318.0,  2.036
684,  317.0,  1.971
685,  316.0,  1.754
686,  315.0,  1.631
687,  314.0,  1.609
688,  313.0,  1.406
689,  312.0,  1.287
690,  311.0,  1.292
691,  310.0,  1.201
692,  309.0,  1.106
693,  308.0,  1.024
694,  307.0,  0.963
695,  306.0,  0.764
696,  305.0,  0.726
697,  304.0,  0.770
698,  303.0,  0.723
699,  302.0,  0.691
700,  301.0,  0.661
701,  300.0,  0.613
702,  299.0,  0.616
703,  298.0,  0.552
704,  297.0,  0.562
705,  296.0,  0.549
706,  295.0,  0.562
707,  294.0,  0.502
708,  293.0,  0.493
709,  292.0,  0.366
710,  291.0,  0.419
711,  290.0,  0.363
712,  289.0,  0.473
713,  288.0,  0.378
714,  287.0,  0.486
715,  286.0,  0.470
716,  285.0,  0.438
717,  284.0,  0.408
718,  283.0,  0.457
719,  282.0,  0.357
720,  281.0,  0.360
721,  280.0,  0.473
722,  279.0,  0.473
723,  278.0,  0.486
724,  277.0,  0.503
725,  276.0,  0.533
726,  275.0,  0.391
727,  274.0,  0.415
728,  273.0,  0.441
729,  272.0,  0.344
730,  271.0,  0.418
731,  270.0,  0.598
732,  269.0,  0.460
733,  268.0,  0.431
734,  267.0,  0.419
735,  266.0,  0.399
736,  265.0,  0.630
737,  264.0,  0.641
738,  263.0,  0.656
739,  262.0,  0.474
740,  261.0,  0.533
741,  260.0,  0.503
742,  259.0,  0.505
743,  258.0,  0.518
744,  257.0,  0.489
745,  256.0,  0.643
746,  255.0,  0.671
747,  254.0,  0.658
748,  253.0,  0.630
749,  252.0,  0.598
750,  251.0,  0.516
751,  250.0,  0.372
752,  249.0,  0.548
753,  248.0,  0.342
754,  247.0,  0.423
755,  246.0,  0.372
756,  245.0,  0.518
757,  244.0,  0.574
758,  243.0,  0.398
759,  242.0,  0.398
760,  241.0,  0.398
761,  240.0,  0.398
762,  239.0,  0.398
763,  238.0,  0.398
764,  237.0,  0.426
765,  236.0,  0.398
766,  235.0,  0.39
767,  234.0,  0.398
768,  233.0,  0.426
769,  232.0,  0.426
770,  231.0,  0.426
771,  230.0,  0.426
772,  229.0,  0.472
773,  228.0,  0.472
774,  227.0,  0.472
775,  226.0,  0.472
776,  225.0,  0.472
777,  224.0,  0.426
778,  223.0,  0.612
779,  222.0,  0.626
780,  221.0,  0.692
781,  220.0,  0.601
782,  219.0,  0.702
783,  218.0,  0.467
784,  217.0,  0.491
785,  216.0,  0.523
786,  215.0,  0.549
787,  214.0,  0.701
788,  213.0,  0.701
789,  212.0,  0.508
790,  211.0,  0.646
791,  210.0,  0.493
792,  209.0,  0.630
793,  208.0,  0.535
794,  207.0,  0.462
795,  206.0,  0.475
796,  205.0,  0.503
797,  204.0,  0.553
798,  203.0,  0.411
799,  202.0,  0.536
800,  201.0,  0.509
801,  200.0,  0.565
802,  199.0,  0.600
803,  198.0,  0.566
804,  197.0,  0.607
805,  196.0,  0.440
806,  195.0,  0.619
807,  194.0,  0.558
808,  193.0,  0.665
809,  192.0,  0.632
810,  191.0,  0.617
811,  190.0,  0.398
