StartWaveLength: 1000.0
EndWaveLength:  190.0
Step:   1nm
ID, WaveLength, VALUE
1, 1000.0, -0.009
2,  999.0, -0.009
3,  998.0, -0.010
4,  997.0, -0.010
5,  996.0, -0.010
6,  995.0, -0.010
7,  994.0, -0.010
8,  993.0, -0.009
9,  992.0, -0.009
10,  991.0, -0.009
11,  990.0, -0.009
12,  989.0, -0.009
13,  988.0, -0.009
14,  987.0, -0.009
15,  986.0, -0.009
16,  985.0, -0.009
17,  984.0, -0.009
18,  983.0, -0.009
19,  982.0, -0.009
20,  981.0, -0.009
21,  980.0, -0.009
22,  979.0, -0.009
23,  978.0, -0.009
24,  977.0, -0.009
25,  976.0, -0.009
26,  975.0, -0.009
27,  974.0, -0.009
28,  973.0, -0.009
29,  972.0, -0.009
30,  971.0, -0.008
31,  970.0, -0.008
32,  969.0, -0.008
33,  968.0, -0.008
34,  967.0, -0.008
35,  966.0, -0.008
36,  965.0, -0.008
37,  964.0, -0.008
38,  963.0, -0.008
39,  962.0, -0.008
40,  961.0, -0.008
41,  960.0, -0.008
42,  959.0, -0.008
43,  958.0, -0.008
44,  957.0, -0.008
45,  956.0, -0.008
46,  955.0, -0.008
47,  954.0, -0.008
48,  953.0, -0.008
49,  952.0, -0.008
50,  951.0, -0.008
51,  950.0, -0.008
52,  949.0, -0.008
53,  948.0, -0.008
54,  947.0, -0.007
55,  946.0, -0.007
56,  945.0, -0.007
57,  944.0, -0.007
58,  943.0, -0.007
59,  942.0, -0.007
60,  941.0, -0.007
61,  940.0, -0.007
62,  939.0, -0.007
63,  938.0, -0.007
64,  937.0, -0.007
65,  936.0, -0.007
66,  935.0, -0.007
67,  934.0, -0.007
68,  933.0, -0.007
69,  932.0, -0.007
70,  931.0, -0.007
71,  930.0, -0.007
72,  929.0, -0.007
73,  928.0, -0.007
74,  927.0, -0.007
75,  926.0, -0.007
76,  925.0, -0.007
77,  924.0, -0.007
78,  923.0, -0.007
79,  922.0, -0.007
80,  921.0, -0.007
81,  920.0, -0.007
82,  919.0, -0.007
83,  918.0, -0.007
84,  917.0, -0.007
85,  916.0, -0.007
86,  915.0, -0.007
87,  914.0, -0.007
88,  913.0, -0.007
89,  912.0, -0.007
90,  911.0, -0.007
91,  910.0, -0.007
92,  909.0, -0.007
93,  908.0, -0.007
94,  907.0, -0.007
95,  906.0, -0.007
96,  905.0, -0.007
97,  904.0, -0.007
98,  903.0, -0.007
99,  902.0, -0.007
100,  901.0, -0.007
101,  900.0, -0.007
102,  899.0, -0.007
103,  898.0, -0.007
104,  897.0, -0.007
105,  896.0, -0.007
106,  895.0, -0.007
107,  894.0, -0.007
108,  893.0, -0.007
109,  892.0, -0.007
110,  891.0, -0.007
111,  890.0, -0.007
112,  889.0, -0.007
113,  888.0, -0.007
114,  887.0, -0.007
115,  886.0, -0.007
116,  885.0, -0.007
118,  883.0, -0.007
119,  882.0, -0.007
120,  881.0, -0.007
121,  880.0, -0.007
122,  879.0, -0.007
123,  878.0, -0.007
124,  877.0, -0.007
125,  876.0, -0.007
126,  875.0, -0.007
127,  874.0, -0.007
128,  873.0, -0.007
129,  872.0, -0.007
130,  871.0, -0.007
131,  870.0, -0.007
132,  869.0, -0.007
133,  868.0, -0.007
134,  867.0, -0.007
135,  866.0, -0.007
136,  865.0, -0.007
137,  864.0, -0.007
138,  863.0, -0.007
139,  862.0, -0.007
140,  861.0, -0.007
141,  860.0, -0.007
142,  859.0, -0.007
143,  858.0, -0.007
144,  857.0, -0.007
145,  856.0, -0.007
146,  855.0, -0.007
147,  854.0, -0.007
148,  853.0, -0.007
149,  852.0, -0.007
150,  851.0, -0.007
151,  850.0, -0.007
152,  849.0, -0.007
153,  848.0, -0.007
154,  847.0, -0.007
155,  846.0, -0.007
156,  845.0, -0.007
157,  844.0, -0.007
158,  843.0, -0.007
159,  842.0, -0.007
160,  841.0, -0.007
161,  840.0, -0.007
162,  839.0, -0.007
163,  838.0, -0.007
164,  837.0, -0.007
165,  836.0, -0.007
166,  835.0, -0.007
167,  834.0, -0.007
168,  833.0, -0.007
169,  832.0, -0.007
170,  831.0, -0.007
171,  830.0, -0.007
172,  829.0, -0.007
173,  828.0, -0.007
174,  827.0, -0.007
175,  826.0, -0.007
176,  825.0, -0.007
177,  824.0, -0.007
178,  823.0, -0.007
179,  822.0, -0.007
180,  821.0, -0.007
181,  820.0, -0.007
182,  819.0, -0.007
183,  818.0, -0.007
184,  817.0, -0.007
185,  816.0, -0.007
186,  815.0, -0.007
187,  814.0, -0.007
188,  813.0, -0.007
189,  812.0, -0.008
190,  811.0, -0.008
191,  810.0, -0.008
192,  809.0, -0.008
193,  808.0, -0.008
194,  807.0, -0.008
195,  806.0, -0.008
196,  805.0, -0.008
197,  804.0, -0.008
198,  803.0, -0.008
199,  802.0, -0.008
200,  801.0, -0.008
201,  800.0, -0.008
202,  799.0, -0.008
203,  798.0, -0.008
204,  797.0, -0.008
205,  796.0, -0.008
206,  795.0, -0.008
207,  794.0, -0.008
208,  793.0, -0.008
209,  792.0, -0.008
210,  791.0, -0.008
211,  790.0, -0.008
212,  789.0, -0.008
213,  788.0, -0.008
214,  787.0, -0.008
215,  786.0, -0.008
216,  785.0, -0.008
217,  784.0, -0.008
218,  783.0, -0.008
219,  782.0, -0.008
220,  781.0, -0.008
221,  780.0, -0.008
222,  779.0, -0.008
223,  778.0, -0.008
224,  777.0, -0.008
225,  776.0, -0.008
226,  775.0, -0.008
227,  774.0, -0.008
228,  773.0, -0.008
229,  772.0, -0.008
230,  771.0, -0.008
231,  770.0, -0.008
232,  769.0, -0.008
233,  768.0, -0.008
234,  767.0, -0.008
235,  766.0, -0.008
236,  765.0, -0.008
237,  764.0, -0.008
239,  762.0, -0.008
240,  761.0, -0.008
241,  760.0, -0.008
242,  759.0, -0.008
243,  758.0, -0.008
244,  757.0, -0.008
245,  756.0, -0.008
246,  755.0, -0.008
247,  754.0, -0.008
248,  753.0, -0.008
249,  752.0, -0.008
250,  751.0, -0.008
251,  750.0, -0.008
252,  749.0, -0.008
253,  748.0, -0.008
254,  747.0, -0.008
255,  746.0, -0.008
256,  745.0, -0.008
257,  744.0, -0.008
258,  743.0, -0.008
259,  742.0, -0.008
260,  741.0, -0.008
261,  740.0, -0.008
262,  739.0, -0.008
263,  738.0, -0.008
264,  737.0, -0.008
265,  736.0, -0.008
266,  735.0, -0.008
267,  734.0, -0.008
268,  733.0, -0.008
269,  732.0, -0.008
270,  731.0, -0.008
271,  730.0, -0.008
272,  729.0, -0.008
273,  728.0, -0.008
274,  727.0, -0.008
275,  726.0, -0.008
276,  725.0, -0.008
277,  724.0, -0.008
278,  723.0, -0.008
279,  722.0, -0.007
280,  721.0, -0.007
281,  720.0, -0.007
282,  719.0, -0.007
283,  718.0, -0.007
284,  717.0, -0.007
285,  716.0, -0.007
286,  715.0, -0.007
287,  714.0, -0.007
288,  713.0, -0.007
289,  712.0, -0.007
290,  711.0, -0.007
291,  710.0, -0.007
292,  709.0, -0.007
293,  708.0, -0.007
294,  707.0, -0.007
295,  706.0, -0.007
296,  705.0, -0.007
297,  704.0, -0.007
298,  703.0, -0.007
299,  702.0, -0.007
300,  701.0, -0.007
301,  700.0, -0.007
302,  699.0, -0.007
303,  698.0, -0.007
304,  697.0, -0.007
305,  696.0, -0.007
306,  695.0, -0.006
307,  694.0, -0.006
308,  693.0, -0.006
309,  692.0, -0.006
310,  691.0, -0.006
311,  690.0, -0.006
312,  689.0, -0.006
313,  688.0, -0.006
314,  687.0, -0.006
315,  686.0, -0.006
316,  685.0, -0.006
317,  684.0, -0.006
318,  683.0, -0.006
319,  682.0, -0.005
320,  681.0, -0.005
321,  680.0, -0.005
322,  679.0, -0.005
323,  678.0, -0.005
324,  677.0, -0.005
325,  676.0, -0.005
326,  675.0, -0.005
327,  674.0, -0.005
328,  673.0, -0.005
329,  672.0, -0.004
330,  671.0, -0.004
331,  670.0, -0.004
332,  669.0, -0.004
333,  668.0, -0.004
334,  667.0, -0.004
335,  666.0, -0.004
336,  665.0, -0.004
337,  664.0, -0.003
338,  663.0, -0.003
339,  662.0, -0.003
340,  661.0, -0.003
341,  660.0, -0.003
342,  659.0, -0.003
343,  658.0, -0.002
344,  657.0, -0.002
345,  656.0, -0.002
346,  655.0, -0.002
347,  654.0, -0.001
348,  653.0, -0.001
349,  652.0, -0.001
350,  651.0, -0.001
351,  650.0, -0.000
352,  649.0,  0.000
353,  648.0,  0.000
354,  647.0,  0.001
355,  646.0,  0.001
356,  645.0,  0.002
357,  644.0,  0.002
358,  643.0,  0.002
360,  641.0,  0.003
361,  640.0,  0.004
362,  639.0,  0.004
363,  638.0,  0.005
364,  637.0,  0.006
365,  636.0,  0.006
366,  635.0,  0.007
367,  634.0,  0.007
368,  633.0,  0.008
369,  632.0,  0.009
370,  631.0,  0.010
371,  630.0,  0.011
372,  629.0,  0.012
373,  628.0,  0.013
374,  627.0,  0.014
375,  626.0,  0.015
376,  625.0,  0.016
377,  624.0,  0.017
378,  623.0,  0.018
379,  622.0,  0.020
380,  621.0,  0.021
381,  620.0,  0.022
382,  619.0,  0.024
383,  618.0,  0.026
384,  617.0,  0.027
385,  616.0,  0.029
386,  615.0,  0.031
387,  614.0,  0.033
388,  613.0,  0.035
389,  612.0,  0.037
390,  611.0,  0.039
391,  610.0,  0.042
392,  609.0,  0.044
393,  608.0,  0.047
394,  607.0,  0.049
395,  606.0,  0.052
396,  605.0,  0.055
397,  604.0,  0.058
398,  603.0,  0.061
399,  602.0,  0.064
400,  601.0,  0.067
401,  600.0,  0.071
402,  599.0,  0.074
403,  598.0,  0.078
404,  597.0,  0.081
405,  596.0,  0.085
406,  595.0,  0.089
407,  594.0,  0.093
408,  593.0,  0.098
409,  592.0,  0.102
410,  591.0,  0.107
411,  590.0,  0.111
412,  589.0,  0.116
413,  588.0,  0.121
414,  587.0,  0.125
415,  586.0,  0.130
416,  585.0,  0.135
417,  584.0,  0.141
418,  583.0,  0.147
419,  582.0,  0.152
420,  581.0,  0.158
421,  580.0,  0.163
422,  579.0,  0.169
423,  578.0,  0.175
424,  577.0,  0.180
425,  576.0,  0.186
426,  575.0,  0.192
427,  574.0,  0.197
428,  573.0,  0.203
429,  572.0,  0.209
430,  571.0,  0.215
431,  570.0,  0.221
432,  569.0,  0.227
433,  568.0,  0.233
434,  567.0,  0.240
435,  566.0,  0.245
436,  565.0,  0.251
437,  564.0,  0.257
438,  563.0,  0.263
439,  562.0,  0.268
440,  561.0,  0.274
441,  560.0,  0.280
442,  559.0,  0.285
443,  558.0,  0.291
444,  557.0,  0.296
445,  556.0,  0.301
446,  555.0,  0.306
447,  554.0,  0.311
448,  553.0,  0.316
449,  552.0,  0.321
450,  551.0,  0.325
451,  550.0,  0.330
452,  549.0,  0.334
453,  548.0,  0.338
454,  547.0,  0.342
455,  546.0,  0.346
456,  545.0,  0.349
457,  544.0,  0.353
458,  543.0,  0.356
459,  542.0,  0.359
460,  541.0,  0.362
461,  540.0,  0.364
462,  539.0,  0.367
463,  538.0,  0.369
464,  537.0,  0.371
465,  536.0,  0.373
466,  535.0,  0.375
467,  534.0,  0.376
468,  533.0,  0.377
469,  532.0,  0.379
470,  531.0,  0.380
471,  530.0,  0.380
472,  529.0,  0.381
473,  528.0,  0.381
474,  527.0,  0.381
475,  526.0,  0.382
476,  525.0,  0.381
477,  524.0,  0.381
478,  523.0,  0.381
479,  522.0,  0.380
480,  521.0,  0.379
481,  520.0,  0.379
482,  519.0,  0.378
483,  518.0,  0.377
484,  517.0,  0.375
485,  516.0,  0.374
486,  515.0,  0.373
487,  514.0,  0.371
488,  513.0,  0.369
489,  512.0,  0.368
490,  511.0,  0.366
491,  510.0,  0.364
492,  509.0,  0.362
493,  508.0,  0.360
494,  507.0,  0.358
495,  506.0,  0.355
496,  505.0,  0.353
497,  504.0,  0.351
498,  503.0,  0.349
499,  502.0,  0.346
500,  501.0,  0.344
501,  500.0,  0.341
502,  499.0,  0.339
503,  498.0,  0.336
504,  497.0,  0.334
505,  496.0,  0.331
506,  495.0,  0.328
507,  494.0,  0.326
508,  493.0,  0.323
509,  492.0,  0.320
510,  491.0,  0.318
511,  490.0,  0.315
512,  489.0,  0.312
513,  488.0,  0.309
514,  487.0,  0.306
515,  486.0,  0.303
516,  485.0,  0.301
517,  484.0,  0.297
518,  483.0,  0.294
519,  482.0,  0.291
520,  481.0,  0.288
521,  480.0,  0.285
522,  479.0,  0.282
523,  478.0,  0.279
524,  477.0,  0.276
525,  476.0,  0.272
526,  475.0,  0.269
527,  474.0,  0.265
528,  473.0,  0.262
529,  472.0,  0.258
530,  471.0,  0.255
531,  470.0,  0.251
532,  469.0,  0.247
533,  468.0,  0.243
534,  467.0,  0.240
535,  466.0,  0.236
536,  465.0,  0.232
537,  464.0,  0.228
538,  463.0,  0.224
539,  462.0,  0.219
540,  461.0,  0.215
541,  460.0,  0.211
542,  459.0,  0.207
543,  458.0,  0.202
544,  457.0,  0.198
545,  456.0,  0.194
546,  455.0,  0.190
547,  454.0,  0.185
548,  453.0,  0.181
549,  452.0,  0.177
550,  451.0,  0.172
551,  450.0,  0.168
552,  449.0,  0.163
553,  448.0,  0.159
554,  447.0,  0.155
555,  446.0,  0.150
556,  445.0,  0.146
557,  444.0,  0.142
558,  443.0,  0.138
559,  442.0,  0.134
560,  441.0,  0.129
561,  440.0,  0.125
562,  439.0,  0.121
563,  438.0,  0.118
564,  437.0,  0.114
565,  436.0,  0.110
566,  435.0,  0.107
567,  434.0,  0.103
568,  433.0,  0.100
569,  432.0,  0.097
570,  431.0,  0.094
571,  430.0,  0.091
572,  429.0,  0.088
573,  428.0,  0.085
574,  427.0,  0.083
575,  426.0,  0.081
576,  425.0,  0.078
577,  424.0,  0.076
578,  423.0,  0.075
579,  422.0,  0.073
580,  421.0,  0.072
581,  420.0,  0.071
582,  419.0,  0.070
583,  418.0,  0.069
584,  417.0,  0.069
585,  416.0,  0.069
586,  415.0,  0.069
587,  414.0,  0.069
588,  413.0,  0.070
589,  412.0,  0.071
590,  411.0,  0.073
591,  410.0,  0.074
592,  409.0,  0.076
593,  408.0,  0.079
594,  407.0,  0.081
595,  406.0,  0.084
596,  405.0,  0.088
597,  404.0,  0.091
598,  403.0,  0.096
599,  402.0,  0.100
600,  401.0,  0.105
601,  400.0,  0.110
602,  399.0,  0.116
603,  398.0,  0.122
604,  397.0,  0.128
605,  396.0,  0.134
606,  395.0,  0.141
607,  394.0,  0.148
608,  393.0,  0.155
609,  392.0,  0.163
610,  391.0,  0.171
611,  390.0,  0.179
612,  389.0,  0.187
613,  388.0,  0.195
614,  387.0,  0.204
615,  386.0,  0.213
616,  385.0,  0.221
617,  384.0,  0.229
618,  383.0,  0.238
619,  382.0,  0.246
620,  381.0,  0.255
621,  380.0,  0.264
622,  379.0,  0.272
623,  378.0,  0.281
624,  377.0,  0.289
625,  376.0,  0.297
626,  375.0,  0.305
627,  374.0,  0.312
628,  373.0,  0.319
629,  372.0,  0.325
630,  371.0,  0.331
631,  370.0,  0.336
632,  369.0,  0.342
633,  368.0,  0.346
634,  367.0,  0.351
635,  366.0,  0.354
636,  365.0,  0.357
637,  364.0,  0.359
638,  363.0,  0.361
639,  362.0,  0.362
640,  361.0,  0.362
641,  360.0,  0.362
642,  359.0,  0.361
643,  358.0,  0.359
644,  357.0,  0.358
645,  356.0,  0.355
646,  355.0,  0.352
647,  354.0,  0.348
648,  353.0,  0.343
649,  352.0,  0.339
650,  351.0,  0.333
651,  350.0,  0.327
652,  349.0,  0.321
653,  348.0,  0.315
654,  347.0,  0.309
655,  346.0,  0.302
656,  345.0,  0.295
657,  344.0,  0.287
658,  343.0,  0.280
659,  342.0,  0.273
660,  341.0,  0.265
661,  340.0,  0.258
662,  339.0,  0.245
663,  338.0,  0.239
664,  337.0,  0.233
665,  336.0,  0.227
666,  335.0,  0.222
667,  334.0,  0.218
668,  333.0,  0.215
669,  332.0,  0.213
670,  331.0,  0.212
671,  330.0,  0.212
672,  329.0,  0.214
673,  328.0,  0.217
674,  327.0,  0.222
675,  326.0,  0.229
676,  325.0,  0.236
677,  324.0,  0.246
678,  323.0,  0.256
679,  322.0,  0.269
680,  321.0,  0.281
681,  320.0,  0.297
682,  319.0,  0.313
683,  318.0,  0.328
684,  317.0,  0.346
685,  316.0,  0.366
686,  315.0,  0.389
687,  314.0,  0.391
688,  313.0,  0.413
689,  312.0,  0.428
690,  311.0,  0.416
691,  310.0,  0.427
692,  309.0,  0.461
693,  308.0,  0.494
694,  307.0,  0.451
695,  306.0,  0.457
696,  305.0,  0.432
697,  304.0,  0.503
698,  303.0,  0.456
699,  302.0,  0.469
700,  301.0,  0.509
701,  300.0,  0.398
702,  299.0,  0.445
703,  298.0,  0.452
704,  297.0,  0.421
705,  296.0,  0.420
706,  295.0,  0.463
707,  294.0,  0.407
708,  293.0,  0.331
709,  292.0,  0.380
710,  291.0,  0.394
711,  290.0,  0.368
712,  289.0,  0.327
713,  288.0,  0.393
714,  287.0,  0.407
715,  286.0,  0.407
716,  285.0,  0.362
717,  284.0,  0.349
718,  283.0,  0.381
719,  282.0,  0.407
720,  281.0,  0.394
721,  280.0,  0.381
722,  279.0,  0.394
723,  278.0,  0.419
724,  277.0,  0.448
725,  276.0,  0.374
726,  275.0,  0.460
727,  274.0,  0.336
728,  273.0,  0.453
729,  272.0,  0.441
730,  271.0,  0.354
731,  270.0,  0.418
732,  269.0,  0.393
733,  268.0,  0.380
734,  267.0,  0.540
735,  266.0,  0.439
736,  265.0,  0.423
737,  264.0,  0.424
738,  263.0,  0.452
739,  262.0,  0.368
740,  261.0,  0.530
741,  260.0,  0.515
742,  259.0,  0.517
743,  258.0,  0.426
744,  257.0,  0.426
745,  256.0,  0.542
746,  255.0,  0.543
747,  254.0,  0.505
748,  253.0,  0.438
749,  252.0,  0.582
750,  251.0,  0.528
751,  250.0,  0.451
752,  249.0,  0.451
753,  248.0,  0.451
754,  247.0,  0.377
755,  246.0,  0.451
756,  245.0,  0.451
757,  244.0,  0.477
758,  243.0,  0.376
759,  242.0,  0.352
760,  241.0,  0.376
761,  240.0,  0.376
762,  239.0,  0.376
763,  238.0,  0.376
764,  237.0,  0.376
765,  236.0,  0.376
766,  235.0,  0.376
767,  234.0,  0.376
768,  233.0,  0.501
769,  232.0,  0.376
770,  231.0,  0.376
771,  230.0,  0.376
772,  229.0,  0.546
773,  228.0,  0.421
774,  227.0,  0.421
775,  226.0,  0.421
776,  225.0,  0.421
777,  224.0,  0.376
778,  223.0,  0.603
779,  222.0,  0.547
780,  221.0,  0.543
781,  220.0,  0.603
782,  219.0,  0.487
783,  218.0,  0.555
784,  217.0,  0.489
785,  216.0,  0.450
786,  215.0,  0.517
787,  214.0,  0.465
788,  213.0,  0.452
789,  212.0,  0.450
790,  211.0,  0.383
791,  210.0,  0.574
792,  209.0,  0.411
793,  208.0,  0.493
794,  207.0,  0.460
795,  206.0,  0.460
796,  205.0,  0.436
797,  204.0,  0.336
798,  203.0,  0.480
799,  202.0,  0.467
800,  201.0,  0.469
801,  200.0,  0.390
802,  199.0,  0.440
803,  198.0,  0.502
804,  197.0,  0.451
805,  196.0,  0.377
806,  195.0,  0.444
807,  194.0,  0.405
808,  193.0,  0.372
809,  192.0,  0.573
810,  191.0,  0.491
811,  190.0,  0.420
