Measure Mode: ABSORB
StartWaveLength: 1000.0
EndWaveLength:  190.0
Step:   1nm
ID, WaveLength, VALUE
1, 1000.0, -0.012
2,  999.0, -0.012
3,  998.0, -0.012
4,  997.0, -0.012
5,  996.0, -0.012
6,  995.0, -0.012
7,  994.0, -0.012
8,  993.0, -0.012
9,  992.0, -0.012
10,  991.0, -0.012
11,  990.0, -0.012
12,  989.0, -0.012
13,  988.0, -0.012
14,  987.0, -0.011
15,  986.0, -0.011
16,  985.0, -0.011
17,  984.0, -0.011
18,  983.0, -0.011
19,  982.0, -0.011
20,  981.0, -0.011
21,  980.0, -0.011
22,  979.0, -0.011
23,  978.0, -0.011
24,  977.0, -0.011
25,  976.0, -0.011
26,  975.0, -0.011
27,  974.0, -0.011
28,  973.0, -0.011
29,  972.0, -0.011
30,  971.0, -0.011
31,  970.0, -0.011
32,  969.0, -0.011
33,  968.0, -0.011
34,  967.0, -0.011
35,  966.0, -0.011
36,  965.0, -0.011
37,  964.0, -0.011
38,  963.0, -0.011
39,  962.0, -0.011
40,  961.0, -0.011
41,  960.0, -0.011
42,  959.0, -0.011
43,  958.0, -0.011
44,  957.0, -0.011
45,  956.0, -0.011
46,  955.0, -0.011
47,  954.0, -0.010
48,  953.0, -0.010
49,  952.0, -0.010
50,  951.0, -0.010
51,  950.0, -0.010
52,  949.0, -0.010
53,  948.0, -0.010
54,  947.0, -0.010
55,  946.0, -0.009
56,  945.0, -0.009
57,  944.0, -0.009
58,  943.0, -0.009
59,  942.0, -0.009
60,  941.0, -0.009
61,  940.0, -0.009
62,  939.0, -0.009
63,  938.0, -0.009
64,  937.0, -0.009
65,  936.0, -0.009
66,  935.0, -0.009
67,  934.0, -0.009
68,  933.0, -0.009
69,  932.0, -0.009
70,  931.0, -0.009
71,  930.0, -0.009
72,  929.0, -0.009
73,  928.0, -0.009
74,  927.0, -0.009
75,  926.0, -0.009
76,  925.0, -0.009
77,  924.0, -0.009
78,  923.0, -0.009
79,  922.0, -0.009
80,  921.0, -0.009
81,  920.0, -0.009
82,  919.0, -0.009
83,  918.0, -0.009
84,  917.0, -0.009
85,  916.0, -0.009
86,  915.0, -0.009
87,  914.0, -0.009
88,  913.0, -0.009
89,  912.0, -0.009
90,  911.0, -0.009
91,  910.0, -0.009
92,  909.0, -0.009
93,  908.0, -0.009
94,  907.0, -0.009
95,  906.0, -0.009
96,  905.0, -0.009
97,  904.0, -0.009
98,  903.0, -0.009
99,  902.0, -0.009
100,  901.0, -0.009
101,  900.0, -0.009
102,  899.0, -0.009
103,  898.0, -0.009
104,  897.0, -0.009
105,  896.0, -0.009
106,  895.0, -0.009
107,  894.0, -0.009
108,  893.0, -0.009
109,  892.0, -0.009
110,  891.0, -0.009
111,  890.0, -0.009
112,  889.0, -0.009
113,  888.0, -0.009
114,  887.0, -0.009
115,  886.0, -0.009
116,  885.0, -0.009
117,  884.0, -0.009
118,  883.0, -0.009
119,  882.0, -0.009
120,  881.0, -0.009
121,  880.0, -0.009
122,  879.0, -0.009
123,  878.0, -0.009
124,  877.0, -0.009
125,  876.0, -0.009
126,  875.0, -0.009
127,  874.0, -0.009
128,  873.0, -0.009
129,  872.0, -0.009
130,  871.0, -0.009
131,  870.0, -0.009
132,  869.0, -0.009
133,  868.0, -0.009
134,  867.0, -0.009
135,  866.0, -0.009
136,  865.0, -0.009
137,  864.0, -0.009
138,  863.0, -0.009
139,  862.0, -0.009
140,  861.0, -0.009
141,  860.0, -0.009
142,  859.0, -0.009
143,  858.0, -0.009
144,  857.0, -0.009
145,  856.0, -0.009
146,  855.0, -0.009
147,  854.0, -0.009
148,  853.0, -0.009
149,  852.0, -0.009
150,  851.0, -0.009
151,  850.0, -0.009
152,  849.0, -0.009
153,  848.0, -0.009
154,  847.0, -0.009
155,  846.0, -0.009
156,  845.0, -0.009
157,  844.0, -0.009
158,  843.0, -0.009
159,  842.0, -0.009
160,  841.0, -0.009
161,  840.0, -0.009
162,  839.0, -0.009
163,  838.0, -0.009
164,  837.0, -0.009
165,  836.0, -0.009
166,  835.0, -0.009
167,  834.0, -0.009
168,  833.0, -0.009
169,  832.0, -0.009
170,  831.0, -0.009
171,  830.0, -0.009
172,  829.0, -0.009
173,  828.0, -0.009
174,  827.0, -0.009
175,  826.0, -0.009
176,  825.0, -0.009
177,  824.0, -0.009
178,  823.0, -0.009
179,  822.0, -0.009
180,  821.0, -0.009
181,  820.0, -0.009
182,  819.0, -0.009
183,  818.0, -0.009
184,  817.0, -0.009
185,  816.0, -0.009
186,  815.0, -0.009
187,  814.0, -0.009
188,  813.0, -0.010
189,  812.0, -0.010
190,  811.0, -0.010
191,  810.0, -0.010
192,  809.0, -0.010
193,  808.0, -0.010
194,  807.0, -0.010
195,  806.0, -0.010
196,  805.0, -0.010
197,  804.0, -0.010
198,  803.0, -0.010
199,  802.0, -0.010
200,  801.0, -0.010
201,  800.0, -0.010
202,  799.0, -0.010
203,  798.0, -0.010
204,  797.0, -0.010
205,  796.0, -0.010
206,  795.0, -0.010
207,  794.0, -0.010
208,  793.0, -0.010
209,  792.0, -0.010
210,  791.0, -0.010
211,  790.0, -0.010
212,  789.0, -0.010
213,  788.0, -0.010
214,  787.0, -0.010
215,  786.0, -0.010
216,  785.0, -0.010
217,  784.0, -0.010
218,  783.0, -0.010
219,  782.0, -0.010
220,  781.0, -0.010
221,  780.0, -0.010
222,  779.0, -0.010
223,  778.0, -0.010
224,  777.0, -0.010
225,  776.0, -0.010
226,  775.0, -0.010
227,  774.0, -0.010
228,  773.0, -0.010
229,  772.0, -0.010
230,  771.0, -0.010
231,  770.0, -0.010
232,  769.0, -0.010
233,  768.0, -0.010
234,  767.0, -0.010
235,  766.0, -0.010
236,  765.0, -0.010
237,  764.0, -0.010
238,  763.0, -0.010
239,  762.0, -0.010
240,  761.0, -0.010
241,  760.0, -0.010
242,  759.0, -0.010
243,  758.0, -0.010
244,  757.0, -0.010
245,  756.0, -0.010
246,  755.0, -0.010
247,  754.0, -0.010
248,  753.0, -0.010
249,  752.0, -0.010
250,  751.0, -0.010
251,  750.0, -0.010
252,  749.0, -0.010
253,  748.0, -0.010
255,  746.0, -0.010
256,  745.0, -0.010
257,  744.0, -0.010
258,  743.0, -0.010
259,  742.0, -0.010
260,  741.0, -0.010
261,  740.0, -0.010
262,  739.0, -0.010
263,  738.0, -0.010
264,  737.0, -0.010
265,  736.0, -0.010
266,  735.0, -0.010
267,  734.0, -0.010
268,  733.0, -0.010
269,  732.0, -0.010
270,  731.0, -0.010
271,  730.0, -0.010
272,  729.0, -0.010
273,  728.0, -0.010
274,  727.0, -0.010
275,  726.0, -0.010
276,  725.0, -0.010
277,  724.0, -0.010
278,  723.0, -0.010
279,  722.0, -0.010
280,  721.0, -0.010
281,  720.0, -0.010
282,  719.0, -0.010
283,  718.0, -0.010
284,  717.0, -0.009
285,  716.0, -0.009
286,  715.0, -0.009
287,  714.0, -0.009
288,  713.0, -0.009
289,  712.0, -0.009
290,  711.0, -0.009
291,  710.0, -0.009
292,  709.0, -0.009
293,  708.0, -0.009
294,  707.0, -0.009
295,  706.0, -0.009
296,  705.0, -0.009
297,  704.0, -0.009
298,  703.0, -0.009
299,  702.0, -0.009
300,  701.0, -0.009
301,  700.0, -0.009
302,  699.0, -0.009
303,  698.0, -0.009
304,  697.0, -0.009
305,  696.0, -0.009
306,  695.0, -0.009
307,  694.0, -0.009
308,  693.0, -0.009
309,  692.0, -0.009
310,  691.0, -0.008
311,  690.0, -0.008
312,  689.0, -0.008
313,  688.0, -0.008
314,  687.0, -0.008
315,  686.0, -0.008
316,  685.0, -0.008
317,  684.0, -0.008
318,  683.0, -0.008
319,  682.0, -0.008
320,  681.0, -0.008
321,  680.0, -0.008
322,  679.0, -0.007
323,  678.0, -0.007
324,  677.0, -0.007
325,  676.0, -0.007
326,  675.0, -0.007
327,  674.0, -0.007
328,  673.0, -0.007
329,  672.0, -0.007
330,  671.0, -0.007
331,  670.0, -0.007
332,  669.0, -0.007
333,  668.0, -0.006
334,  667.0, -0.006
335,  666.0, -0.006
336,  665.0, -0.006
337,  664.0, -0.006
338,  663.0, -0.006
339,  662.0, -0.006
340,  661.0, -0.005
341,  660.0, -0.005
342,  659.0, -0.005
343,  658.0, -0.005
344,  657.0, -0.005
345,  656.0, -0.004
346,  655.0, -0.004
347,  654.0, -0.004
348,  653.0, -0.004
349,  652.0, -0.003
350,  651.0, -0.003
351,  650.0, -0.003
352,  649.0, -0.002
353,  648.0, -0.002
354,  647.0, -0.002
355,  646.0, -0.001
356,  645.0, -0.001
357,  644.0, -0.001
358,  643.0, -0.000
359,  642.0,  0.000
360,  641.0,  0.001
361,  640.0,  0.001
362,  639.0,  0.002
363,  638.0,  0.002
364,  637.0,  0.003
365,  636.0,  0.003
366,  635.0,  0.004
367,  634.0,  0.005
368,  633.0,  0.006
369,  632.0,  0.006
370,  631.0,  0.007
371,  630.0,  0.008
372,  629.0,  0.009
373,  628.0,  0.010
374,  627.0,  0.011
376,  625.0,  0.013
377,  624.0,  0.014
378,  623.0,  0.015
379,  622.0,  0.017
380,  621.0,  0.018
381,  620.0,  0.019
382,  619.0,  0.021
383,  618.0,  0.023
384,  617.0,  0.024
385,  616.0,  0.026
386,  615.0,  0.028
387,  614.0,  0.030
388,  613.0,  0.032
389,  612.0,  0.034
390,  611.0,  0.036
391,  610.0,  0.038
392,  609.0,  0.041
393,  608.0,  0.043
394,  607.0,  0.046
395,  606.0,  0.048
396,  605.0,  0.051
397,  604.0,  0.054
398,  603.0,  0.057
399,  602.0,  0.060
400,  601.0,  0.063
401,  600.0,  0.067
402,  599.0,  0.070
403,  598.0,  0.074
404,  597.0,  0.077
405,  596.0,  0.081
406,  595.0,  0.085
407,  594.0,  0.089
408,  593.0,  0.093
409,  592.0,  0.098
410,  591.0,  0.102
411,  590.0,  0.107
412,  589.0,  0.112
413,  588.0,  0.116
414,  587.0,  0.121
415,  586.0,  0.126
416,  585.0,  0.131
417,  584.0,  0.137
418,  583.0,  0.142
419,  582.0,  0.147
420,  581.0,  0.153
421,  580.0,  0.158
422,  579.0,  0.164
423,  578.0,  0.170
424,  577.0,  0.175
425,  576.0,  0.181
426,  575.0,  0.187
427,  574.0,  0.193
428,  573.0,  0.198
429,  572.0,  0.205
430,  571.0,  0.211
431,  570.0,  0.217
432,  569.0,  0.223
433,  568.0,  0.229
434,  567.0,  0.235
435,  566.0,  0.241
436,  565.0,  0.247
437,  564.0,  0.253
438,  563.0,  0.258
439,  562.0,  0.264
440,  561.0,  0.270
441,  560.0,  0.275
442,  559.0,  0.281
443,  558.0,  0.287
444,  557.0,  0.292
445,  556.0,  0.297
446,  555.0,  0.303
447,  554.0,  0.308
448,  553.0,  0.313
449,  552.0,  0.317
450,  551.0,  0.322
451,  550.0,  0.326
452,  549.0,  0.331
453,  548.0,  0.335
454,  547.0,  0.339
455,  546.0,  0.343
456,  545.0,  0.347
457,  544.0,  0.351
458,  543.0,  0.354
459,  542.0,  0.357
460,  541.0,  0.360
461,  540.0,  0.363
462,  539.0,  0.365
463,  538.0,  0.368
464,  537.0,  0.370
465,  536.0,  0.372
466,  535.0,  0.374
467,  534.0,  0.376
468,  533.0,  0.377
469,  532.0,  0.379
470,  531.0,  0.380
471,  530.0,  0.381
472,  529.0,  0.382
473,  528.0,  0.382
474,  527.0,  0.383
475,  526.0,  0.383
476,  525.0,  0.383
477,  524.0,  0.383
478,  523.0,  0.383
479,  522.0,  0.382
480,  521.0,  0.382
481,  520.0,  0.381
482,  519.0,  0.380
483,  518.0,  0.380
484,  517.0,  0.379
485,  516.0,  0.377
486,  515.0,  0.376
487,  514.0,  0.375
488,  513.0,  0.373
489,  512.0,  0.372
490,  511.0,  0.370
491,  510.0,  0.368
492,  509.0,  0.366
493,  508.0,  0.365
494,  507.0,  0.363
495,  506.0,  0.361
497,  504.0,  0.356
498,  503.0,  0.354
499,  502.0,  0.352
500,  501.0,  0.350
501,  500.0,  0.347
502,  499.0,  0.345
503,  498.0,  0.342
504,  497.0,  0.340
505,  496.0,  0.337
506,  495.0,  0.335
507,  494.0,  0.332
508,  493.0,  0.329
509,  492.0,  0.327
510,  491.0,  0.324
511,  490.0,  0.321
512,  489.0,  0.319
513,  488.0,  0.316
514,  487.0,  0.313
515,  486.0,  0.310
516,  485.0,  0.307
517,  484.0,  0.304
518,  483.0,  0.301
519,  482.0,  0.298
520,  481.0,  0.295
521,  480.0,  0.292
522,  479.0,  0.289
523,  478.0,  0.286
524,  477.0,  0.282
525,  476.0,  0.279
526,  475.0,  0.275
527,  474.0,  0.272
528,  473.0,  0.268
529,  472.0,  0.264
530,  471.0,  0.261
531,  470.0,  0.257
532,  469.0,  0.253
533,  468.0,  0.249
534,  467.0,  0.246
535,  466.0,  0.242
536,  465.0,  0.237
537,  464.0,  0.233
538,  463.0,  0.229
539,  462.0,  0.225
540,  461.0,  0.221
541,  460.0,  0.216
542,  459.0,  0.212
543,  458.0,  0.207
544,  457.0,  0.203
545,  456.0,  0.199
546,  455.0,  0.194
547,  454.0,  0.190
548,  453.0,  0.185
549,  452.0,  0.181
550,  451.0,  0.176
551,  450.0,  0.171
552,  449.0,  0.167
553,  448.0,  0.162
554,  447.0,  0.158
555,  446.0,  0.153
556,  445.0,  0.149
557,  444.0,  0.145
558,  443.0,  0.140
559,  442.0,  0.136
560,  441.0,  0.132
561,  440.0,  0.127
562,  439.0,  0.123
563,  438.0,  0.119
564,  437.0,  0.115
565,  436.0,  0.112
566,  435.0,  0.108
567,  434.0,  0.104
568,  433.0,  0.101
569,  432.0,  0.098
570,  431.0,  0.094
571,  430.0,  0.091
572,  429.0,  0.088
573,  428.0,  0.086
574,  427.0,  0.083
575,  426.0,  0.080
576,  425.0,  0.078
577,  424.0,  0.076
578,  423.0,  0.074
579,  422.0,  0.072
580,  421.0,  0.071
581,  420.0,  0.070
582,  419.0,  0.069
583,  418.0,  0.068
584,  417.0,  0.067
585,  416.0,  0.067
586,  415.0,  0.067
587,  414.0,  0.067
588,  413.0,  0.068
589,  412.0,  0.069
590,  411.0,  0.070
591,  410.0,  0.072
592,  409.0,  0.074
593,  408.0,  0.076
594,  407.0,  0.078
595,  406.0,  0.081
596,  405.0,  0.084
597,  404.0,  0.088
598,  403.0,  0.092
599,  402.0,  0.096
600,  401.0,  0.101
601,  400.0,  0.106
602,  399.0,  0.112
603,  398.0,  0.118
604,  397.0,  0.124
605,  396.0,  0.130
606,  395.0,  0.136
607,  394.0,  0.143
608,  393.0,  0.151
609,  392.0,  0.158
610,  391.0,  0.166
611,  390.0,  0.174
612,  389.0,  0.182
613,  388.0,  0.191
614,  387.0,  0.199
615,  386.0,  0.208
616,  385.0,  0.216
623,  378.0,  0.276
624,  377.0,  0.285
625,  376.0,  0.293
626,  375.0,  0.301
627,  374.0,  0.309
628,  373.0,  0.316
629,  372.0,  0.322
630,  371.0,  0.328
631,  370.0,  0.334
632,  369.0,  0.339
633,  368.0,  0.344
634,  367.0,  0.348
635,  366.0,  0.352
636,  365.0,  0.355
637,  364.0,  0.357
638,  363.0,  0.359
639,  362.0,  0.361
640,  361.0,  0.361
641,  360.0,  0.361
642,  359.0,  0.361
643,  358.0,  0.360
644,  357.0,  0.358
645,  356.0,  0.356
646,  355.0,  0.353
647,  354.0,  0.349
648,  353.0,  0.345
649,  352.0,  0.341
650,  351.0,  0.336
651,  350.0,  0.330
652,  349.0,  0.325
653,  348.0,  0.319
654,  347.0,  0.313
655,  346.0,  0.306
656,  345.0,  0.299
657,  344.0,  0.292
658,  343.0,  0.285
659,  342.0,  0.278
660,  341.0,  0.271
661,  340.0,  0.264
662,  339.0,  0.253
663,  338.0,  0.246
664,  337.0,  0.241
665,  336.0,  0.236
666,  335.0,  0.232
667,  334.0,  0.229
668,  333.0,  0.227
669,  332.0,  0.226
670,  331.0,  0.226
671,  330.0,  0.228
672,  329.0,  0.232
673,  328.0,  0.238
674,  327.0,  0.246
675,  326.0,  0.255
676,  325.0,  0.267
677,  324.0,  0.280
678,  323.0,  0.294
679,  322.0,  0.310
680,  321.0,  0.329
681,  320.0,  0.346
682,  319.0,  0.368
683,  318.0,  0.388
684,  317.0,  0.409
685,  316.0,  0.426
686,  315.0,  0.442
687,  314.0,  0.458
688,  313.0,  0.471
689,  312.0,  0.474
690,  311.0,  0.500
691,  310.0,  0.534
692,  309.0,  0.490
693,  308.0,  0.524
694,  307.0,  0.499
695,  306.0,  0.457
696,  305.0,  0.473
697,  304.0,  0.503
698,  303.0,  0.446
699,  302.0,  0.418
700,  301.0,  0.441
701,  300.0,  0.347
702,  299.0,  0.398
703,  298.0,  0.397
704,  297.0,  0.352
705,  296.0,  0.339
706,  295.0,  0.396
707,  294.0,  0.326
708,  293.0,  0.285
709,  292.0,  0.267
710,  291.0,  0.324
711,  290.0,  0.393
712,  289.0,  0.281
713,  288.0,  0.314
714,  287.0,  0.269
715,  286.0,  0.352
716,  285.0,  0.308
717,  284.0,  0.294
718,  283.0,  0.327
719,  282.0,  0.407
720,  281.0,  0.394
721,  280.0,  0.381
722,  279.0,  0.314
723,  278.0,  0.327
724,  277.0,  0.357
725,  276.0,  0.294
726,  275.0,  0.339
727,  274.0,  0.223
728,  273.0,  0.307
729,  272.0,  0.236
730,  271.0,  0.366
731,  270.0,  0.339
732,  269.0,  0.268
733,  268.0,  0.301
734,  267.0,  0.394
735,  266.0,  0.223
736,  265.0,  0.368
737,  264.0,  0.348
738,  263.0,  0.452
739,  262.0,  0.356
740,  261.0,  0.384
741,  260.0,  0.381
742,  259.0,  0.450
743,  258.0,  0.326
744,  257.0,  0.462
745,  256.0,  0.451
746,  255.0,  0.397
747,  254.0,  0.553
748,  253.0,  0.450
749,  252.0,  0.429
750,  251.0,  0.473
751,  250.0,  0.326
752,  249.0,  0.326
753,  248.0,  0.349
754,  247.0,  0.401
755,  246.0,  0.326
756,  245.0,  0.349
757,  244.0,  0.376
758,  243.0,  0.376
759,  242.0,  0.376
760,  241.0,  0.376
761,  240.0,  0.376
762,  239.0,  0.376
763,  238.0,  0.376
764,  237.0,  0.398
765,  236.0,  0.398
766,  235.0,  0.398
767,  234.0,  0.398
768,  233.0,  0.398
769,  232.0,  0.398
770,  231.0,  0.398
771,  230.0,  0.398
772,  229.0,  0.444
773,  228.0,  0.444
774,  227.0,  0.444
775,  226.0,  0.444
776,  225.0,  0.444
777,  224.0,  0.398
778,  223.0,  0.480
779,  222.0,  0.615
780,  221.0,  0.485
781,  220.0,  0.535
782,  219.0,  0.442
783,  218.0,  0.487
784,  217.0,  0.523
785,  216.0,  0.461
786,  215.0,  0.473
787,  214.0,  0.499
788,  213.0,  0.499
790,  211.0,  0.462
791,  210.0,  0.445
792,  209.0,  0.423
793,  208.0,  0.450
794,  207.0,  0.404
795,  206.0,  0.338
796,  205.0,  0.381
797,  204.0,  0.384
798,  203.0,  0.451
799,  202.0,  0.419
800,  201.0,  0.422
801,  200.0,  0.437
802,  199.0,  0.472
803,  198.0,  0.476
804,  197.0,  0.304
805,  196.0,  0.353
806,  195.0,  0.435
807,  194.0,  0.351
808,  193.0,  0.492
809,  192.0,  0.322
810,  191.0,  0.406
811,  190.0,  0.301
