Measure Mode: ABSORB
StartWaveLength: 1000.0
EndWaveLength:  190.0
Step:   1nm
ID, WaveLength, VALUE
1, 1000.0, -0.012
2,  999.0, -0.012
3,  998.0, -0.012
4,  997.0, -0.012
5,  996.0, -0.012
6,  995.0, -0.012
7,  994.0, -0.012
8,  993.0, -0.012
9,  992.0, -0.012
10,  991.0, -0.012
11,  990.0, -0.012
12,  989.0, -0.012
13,  988.0, -0.012
14,  987.0, -0.012
15,  986.0, -0.012
16,  985.0, -0.012
17,  984.0, -0.012
18,  983.0, -0.012
19,  982.0, -0.012
20,  981.0, -0.012
21,  980.0, -0.012
22,  979.0, -0.012
23,  978.0, -0.012
24,  977.0, -0.012
25,  976.0, -0.012
26,  975.0, -0.012
27,  974.0, -0.012
28,  973.0, -0.012
29,  972.0, -0.012
30,  971.0, -0.011
31,  970.0, -0.011
32,  969.0, -0.011
33,  968.0, -0.011
34,  967.0, -0.011
35,  966.0, -0.011
36,  965.0, -0.011
37,  964.0, -0.011
38,  963.0, -0.011
39,  962.0, -0.011
40,  961.0, -0.011
41,  960.0, -0.011
42,  959.0, -0.011
43,  958.0, -0.011
44,  957.0, -0.011
45,  956.0, -0.011
46,  955.0, -0.011
47,  954.0, -0.011
48,  953.0, -0.011
49,  952.0, -0.011
50,  951.0, -0.011
51,  950.0, -0.010
52,  949.0, -0.010
53,  948.0, -0.010
54,  947.0, -0.010
55,  946.0, -0.010
56,  945.0, -0.010
57,  944.0, -0.010
58,  943.0, -0.010
59,  942.0, -0.010
60,  941.0, -0.010
61,  940.0, -0.010
62,  939.0, -0.010
63,  938.0, -0.010
64,  937.0, -0.010
65,  936.0, -0.010
66,  935.0, -0.010
67,  934.0, -0.010
68,  933.0, -0.010
75,  926.0, -0.010
76,  925.0, -0.010
77,  924.0, -0.010
78,  923.0, -0.010
79,  922.0, -0.010
80,  921.0, -0.010
81,  920.0, -0.010
82,  919.0, -0.010
83,  918.0, -0.010
84,  917.0, -0.010
85,  916.0, -0.010
86,  915.0, -0.010
87,  914.0, -0.010
88,  913.0, -0.010
89,  912.0, -0.010
90,  911.0, -0.010
91,  910.0, -0.010
92,  909.0, -0.010
93,  908.0, -0.010
94,  907.0, -0.010
95,  906.0, -0.010
96,  905.0, -0.010
97,  904.0, -0.010
98,  903.0, -0.010
99,  902.0, -0.010
100,  901.0, -0.010
101,  900.0, -0.010
102,  899.0, -0.010
103,  898.0, -0.010
104,  897.0, -0.010
105,  896.0, -0.010
106,  895.0, -0.010
107,  894.0, -0.010
108,  893.0, -0.010
109,  892.0, -0.010
110,  891.0, -0.010
111,  890.0, -0.010
112,  889.0, -0.010
113,  888.0, -0.010
114,  887.0, -0.010
115,  886.0, -0.010
116,  885.0, -0.010
117,  884.0, -0.010
118,  883.0, -0.010
119,  882.0, -0.010
120,  881.0, -0.010
121,  880.0, -0.010
122,  879.0, -0.010
123,  878.0, -0.010
124,  877.0, -0.010
125,  876.0, -0.010
126,  875.0, -0.010
127,  874.0, -0.010
128,  873.0, -0.010
129,  872.0, -0.010
130,  871.0, -0.010
131,  870.0, -0.010
132,  869.0, -0.010
133,  868.0, -0.010
134,  867.0, -0.010
135,  866.0, -0.010
136,  865.0, -0.010
137,  864.0, -0.010
138,  863.0, -0.010
139,  862.0, -0.010
140,  861.0, -0.010
141,  860.0, -0.010
142,  859.0, -0.010
143,  858.0, -0.010
144,  857.0, -0.010
145,  856.0, -0.010
146,  855.0, -0.010
147,  854.0, -0.010
148,  853.0, -0.010
149,  852.0, -0.010
150,  851.0, -0.010
151,  850.0, -0.010
152,  849.0, -0.010
153,  848.0, -0.010
154,  847.0, -0.010
155,  846.0, -0.010
156,  845.0, -0.010
157,  844.0, -0.010
158,  843.0, -0.010
159,  842.0, -0.010
160,  841.0, -0.010
161,  840.0, -0.010
162,  839.0, -0.010
163,  838.0, -0.010
164,  837.0, -0.010
165,  836.0, -0.010
166,  835.0, -0.010
167,  834.0, -0.010
168,  833.0, -0.010
169,  832.0, -0.010
170,  831.0, -0.010
171,  830.0, -0.010
172,  829.0, -0.010
173,  828.0, -0.010
174,  827.0, -0.010
175,  826.0, -0.010
176,  825.0, -0.010
177,  824.0, -0.010
178,  823.0, -0.010
179,  822.0, -0.010
180,  821.0, -0.010
181,  820.0, -0.010
182,  819.0, -0.010
183,  818.0, -0.010
184,  817.0, -0.010
185,  816.0, -0.010
186,  815.0, -0.010
187,  814.0, -0.010
188,  813.0, -0.010
189,  812.0, -0.010
190,  811.0, -0.010
191,  810.0, -0.010
192,  809.0, -0.011
193,  808.0, -0.011
194,  807.0, -0.011
196,  805.0, -0.011
197,  804.0, -0.011
198,  803.0, -0.011
199,  802.0, -0.011
200,  801.0, -0.011
201,  800.0, -0.011
202,  799.0, -0.011
203,  798.0, -0.011
204,  797.0, -0.011
205,  796.0, -0.011
206,  795.0, -0.011
207,  794.0, -0.011
208,  793.0, -0.011
209,  792.0, -0.011
210,  791.0, -0.011
211,  790.0, -0.011
212,  789.0, -0.011
213,  788.0, -0.011
214,  787.0, -0.011
215,  786.0, -0.011
216,  785.0, -0.011
217,  784.0, -0.011
218,  783.0, -0.011
219,  782.0, -0.011
220,  781.0, -0.011
221,  780.0, -0.011
222,  779.0, -0.011
223,  778.0, -0.011
224,  777.0, -0.011
225,  776.0, -0.011
226,  775.0, -0.011
227,  774.0, -0.011
228,  773.0, -0.011
229,  772.0, -0.011
230,  771.0, -0.011
231,  770.0, -0.011
232,  769.0, -0.011
233,  768.0, -0.011
234,  767.0, -0.011
235,  766.0, -0.011
236,  765.0, -0.011
237,  764.0, -0.011
238,  763.0, -0.011
239,  762.0, -0.011
240,  761.0, -0.011
241,  760.0, -0.012
242,  759.0, -0.012
243,  758.0, -0.012
244,  757.0, -0.012
245,  756.0, -0.012
246,  755.0, -0.012
247,  754.0, -0.012
248,  753.0, -0.012
249,  752.0, -0.012
250,  751.0, -0.012
251,  750.0, -0.012
252,  749.0, -0.012
253,  748.0, -0.012
254,  747.0, -0.012
255,  746.0, -0.012
256,  745.0, -0.012
257,  744.0, -0.012
258,  743.0, -0.012
259,  742.0, -0.012
260,  741.0, -0.012
261,  740.0, -0.012
262,  739.0, -0.012
263,  738.0, -0.012
264,  737.0, -0.012
265,  736.0, -0.012
266,  735.0, -0.012
267,  734.0, -0.012
268,  733.0, -0.012
269,  732.0, -0.012
270,  731.0, -0.012
271,  730.0, -0.012
272,  729.0, -0.012
273,  728.0, -0.012
274,  727.0, -0.012
275,  726.0, -0.012
276,  725.0, -0.012
277,  724.0, -0.012
278,  723.0, -0.012
279,  722.0, -0.012
280,  721.0, -0.012
281,  720.0, -0.012
282,  719.0, -0.012
283,  718.0, -0.012
284,  717.0, -0.012
285,  716.0, -0.012
286,  715.0, -0.012
287,  714.0, -0.012
288,  713.0, -0.012
289,  712.0, -0.012
290,  711.0, -0.012
291,  710.0, -0.012
292,  709.0, -0.012
293,  708.0, -0.012
294,  707.0, -0.012
295,  706.0, -0.012
296,  705.0, -0.012
297,  704.0, -0.012
298,  703.0, -0.012
299,  702.0, -0.012
300,  701.0, -0.012
301,  700.0, -0.012
302,  699.0, -0.012
303,  698.0, -0.011
304,  697.0, -0.011
305,  696.0, -0.011
306,  695.0, -0.011
307,  694.0, -0.011
308,  693.0, -0.011
309,  692.0, -0.011
310,  691.0, -0.011
311,  690.0, -0.011
312,  689.0, -0.011
313,  688.0, -0.011
314,  687.0, -0.011
315,  686.0, -0.011
316,  685.0, -0.011
317,  684.0, -0.011
318,  683.0, -0.011
319,  682.0, -0.011
320,  681.0, -0.011
321,  680.0, -0.011
322,  679.0, -0.011
323,  678.0, -0.011
324,  677.0, -0.011
325,  676.0, -0.011
326,  675.0, -0.010
327,  674.0, -0.010
328,  673.0, -0.010
329,  672.0, -0.010
330,  671.0, -0.010
331,  670.0, -0.010
332,  669.0, -0.010
333,  668.0, -0.010
334,  667.0, -0.010
335,  666.0, -0.010
336,  665.0, -0.010
337,  664.0, -0.010
338,  663.0, -0.010
339,  662.0, -0.010
340,  661.0, -0.009
341,  660.0, -0.009
342,  659.0, -0.009
343,  658.0, -0.009
344,  657.0, -0.009
345,  656.0, -0.009
346,  655.0, -0.009
347,  654.0, -0.009
348,  653.0, -0.008
349,  652.0, -0.008
350,  651.0, -0.008
351,  650.0, -0.008
352,  649.0, -0.008
353,  648.0, -0.007
354,  647.0, -0.007
355,  646.0, -0.007
356,  645.0, -0.007
357,  644.0, -0.007
358,  643.0, -0.006
359,  642.0, -0.006
360,  641.0, -0.006
361,  640.0, -0.005
362,  639.0, -0.005
363,  638.0, -0.005
364,  637.0, -0.004
365,  636.0, -0.004
366,  635.0, -0.004
367,  634.0, -0.003
368,  633.0, -0.003
369,  632.0, -0.002
370,  631.0, -0.002
371,  630.0, -0.001
372,  629.0, -0.001
373,  628.0, -0.000
374,  627.0,  0.000
375,  626.0,  0.001
376,  625.0,  0.002
377,  624.0,  0.002
378,  623.0,  0.003
379,  622.0,  0.004
380,  621.0,  0.005
381,  620.0,  0.006
382,  619.0,  0.007
383,  618.0,  0.008
384,  617.0,  0.009
385,  616.0,  0.010
386,  615.0,  0.011
387,  614.0,  0.012
388,  613.0,  0.013
389,  612.0,  0.014
390,  611.0,  0.016
391,  610.0,  0.017
392,  609.0,  0.019
393,  608.0,  0.020
394,  607.0,  0.022
395,  606.0,  0.023
396,  605.0,  0.025
397,  604.0,  0.027
398,  603.0,  0.029
399,  602.0,  0.031
400,  601.0,  0.033
401,  600.0,  0.035
402,  599.0,  0.037
403,  598.0,  0.039
404,  597.0,  0.042
405,  596.0,  0.044
406,  595.0,  0.047
407,  594.0,  0.050
408,  593.0,  0.052
409,  592.0,  0.055
410,  591.0,  0.058
411,  590.0,  0.061
412,  589.0,  0.064
413,  588.0,  0.067
414,  587.0,  0.071
415,  586.0,  0.074
416,  585.0,  0.077
417,  584.0,  0.082
418,  583.0,  0.085
419,  582.0,  0.089
420,  581.0,  0.093
421,  580.0,  0.097
422,  579.0,  0.101
423,  578.0,  0.105
424,  577.0,  0.109
425,  576.0,  0.113
426,  575.0,  0.117
427,  574.0,  0.122
428,  573.0,  0.126
429,  572.0,  0.131
430,  571.0,  0.135
431,  570.0,  0.140
432,  569.0,  0.145
433,  568.0,  0.150
434,  567.0,  0.154
435,  566.0,  0.159
436,  565.0,  0.164
437,  564.0,  0.169
438,  563.0,  0.174
439,  562.0,  0.179
440,  561.0,  0.184
441,  560.0,  0.189
442,  559.0,  0.194
443,  558.0,  0.199
444,  557.0,  0.204
445,  556.0,  0.209
446,  555.0,  0.214
447,  554.0,  0.219
448,  553.0,  0.224
449,  552.0,  0.228
450,  551.0,  0.233
451,  550.0,  0.237
452,  549.0,  0.242
453,  548.0,  0.247
454,  547.0,  0.252
455,  546.0,  0.256
456,  545.0,  0.261
457,  544.0,  0.265
458,  543.0,  0.269
459,  542.0,  0.274
460,  541.0,  0.277
461,  540.0,  0.281
462,  539.0,  0.285
463,  538.0,  0.289
464,  537.0,  0.293
465,  536.0,  0.296
466,  535.0,  0.300
467,  534.0,  0.303
468,  533.0,  0.306
469,  532.0,  0.309
470,  531.0,  0.312
471,  530.0,  0.315
472,  529.0,  0.318
473,  528.0,  0.321
474,  527.0,  0.323
475,  526.0,  0.325
476,  525.0,  0.328
477,  524.0,  0.330
478,  523.0,  0.332
479,  522.0,  0.333
480,  521.0,  0.335
481,  520.0,  0.337
482,  519.0,  0.338
483,  518.0,  0.340
484,  517.0,  0.341
485,  516.0,  0.342
486,  515.0,  0.343
487,  514.0,  0.344
488,  513.0,  0.344
489,  512.0,  0.345
490,  511.0,  0.346
491,  510.0,  0.346
492,  509.0,  0.346
493,  508.0,  0.347
494,  507.0,  0.347
495,  506.0,  0.347
496,  505.0,  0.346
497,  504.0,  0.346
498,  503.0,  0.346
499,  502.0,  0.345
500,  501.0,  0.345
501,  500.0,  0.344
502,  499.0,  0.344
503,  498.0,  0.343
504,  497.0,  0.342
505,  496.0,  0.341
506,  495.0,  0.340
507,  494.0,  0.339
508,  493.0,  0.337
509,  492.0,  0.336
510,  491.0,  0.335
511,  490.0,  0.333
512,  489.0,  0.331
513,  488.0,  0.329
514,  487.0,  0.328
515,  486.0,  0.326
516,  485.0,  0.324
517,  484.0,  0.322
518,  483.0,  0.319
519,  482.0,  0.317
520,  481.0,  0.315
521,  480.0,  0.312
522,  479.0,  0.310
523,  478.0,  0.307
524,  477.0,  0.304
525,  476.0,  0.301
526,  475.0,  0.298
527,  474.0,  0.295
528,  473.0,  0.292
529,  472.0,  0.288
530,  471.0,  0.285
531,  470.0,  0.281
532,  469.0,  0.278
533,  468.0,  0.274
534,  467.0,  0.271
535,  466.0,  0.267
536,  465.0,  0.263
537,  464.0,  0.259
538,  463.0,  0.254
539,  462.0,  0.250
540,  461.0,  0.246
541,  460.0,  0.241
542,  459.0,  0.237
543,  458.0,  0.232
544,  457.0,  0.228
545,  456.0,  0.223
546,  455.0,  0.219
547,  454.0,  0.214
548,  453.0,  0.209
549,  452.0,  0.204
550,  451.0,  0.200
551,  450.0,  0.195
552,  449.0,  0.190
553,  448.0,  0.185
554,  447.0,  0.180
555,  446.0,  0.175
556,  445.0,  0.170
557,  444.0,  0.166
558,  443.0,  0.161
559,  442.0,  0.156
560,  441.0,  0.151
561,  440.0,  0.147
562,  439.0,  0.142
563,  438.0,  0.137
564,  437.0,  0.133
565,  436.0,  0.128
566,  435.0,  0.124
567,  434.0,  0.120
568,  433.0,  0.116
569,  432.0,  0.112
570,  431.0,  0.108
571,  430.0,  0.104
572,  429.0,  0.101
573,  428.0,  0.097
574,  427.0,  0.093
575,  426.0,  0.090
576,  425.0,  0.087
577,  424.0,  0.084
578,  423.0,  0.081
579,  422.0,  0.078
580,  421.0,  0.076
581,  420.0,  0.073
582,  419.0,  0.071
583,  418.0,  0.069
584,  417.0,  0.068
585,  416.0,  0.066
586,  415.0,  0.065
587,  414.0,  0.064
588,  413.0,  0.063
589,  412.0,  0.062
590,  411.0,  0.062
591,  410.0,  0.062
592,  409.0,  0.062
593,  408.0,  0.062
594,  407.0,  0.063
595,  406.0,  0.064
596,  405.0,  0.065
597,  404.0,  0.067
598,  403.0,  0.068
599,  402.0,  0.071
600,  401.0,  0.073
601,  400.0,  0.076
602,  399.0,  0.079
603,  398.0,  0.082
604,  397.0,  0.086
605,  396.0,  0.090
606,  395.0,  0.094
607,  394.0,  0.098
608,  393.0,  0.103
609,  392.0,  0.108
610,  391.0,  0.114
611,  390.0,  0.119
612,  389.0,  0.125
613,  388.0,  0.132
614,  387.0,  0.138
615,  386.0,  0.145
616,  385.0,  0.151
617,  384.0,  0.158
618,  383.0,  0.164
619,  382.0,  0.172
620,  381.0,  0.179
621,  380.0,  0.187
622,  379.0,  0.194
623,  378.0,  0.202
624,  377.0,  0.210
625,  376.0,  0.217
626,  375.0,  0.225
627,  374.0,  0.233
628,  373.0,  0.240
629,  372.0,  0.247
630,  371.0,  0.254
631,  370.0,  0.261
632,  369.0,  0.267
633,  368.0,  0.273
634,  367.0,  0.279
635,  366.0,  0.285
636,  365.0,  0.290
637,  364.0,  0.296
638,  363.0,  0.300
639,  362.0,  0.304
640,  361.0,  0.308
641,  360.0,  0.311
642,  359.0,  0.314
643,  358.0,  0.316
644,  357.0,  0.318
645,  356.0,  0.320
646,  355.0,  0.321
647,  354.0,  0.321
648,  353.0,  0.321
649,  352.0,  0.320
650,  351.0,  0.318
651,  350.0,  0.317
652,  349.0,  0.315
653,  348.0,  0.312
654,  347.0,  0.309
655,  346.0,  0.305
656,  345.0,  0.301
657,  344.0,  0.296
658,  343.0,  0.291
659,  342.0,  0.286
660,  341.0,  0.280
661,  340.0,  0.274
662,  339.0,  0.263
663,  338.0,  0.256
664,  337.0,  0.249
665,  336.0,  0.242
666,  335.0,  0.235
667,  334.0,  0.228
668,  333.0,  0.222
669,  332.0,  0.216
670,  331.0,  0.210
671,  330.0,  0.204
672,  329.0,  0.200
673,  328.0,  0.196
674,  327.0,  0.192
675,  326.0,  0.191
676,  325.0,  0.188
678,  323.0,  0.186
679,  322.0,  0.186
680,  321.0,  0.186
681,  320.0,  0.186
682,  319.0,  0.191
683,  318.0,  0.189
684,  317.0,  0.196
685,  316.0,  0.195
686,  315.0,  0.202
687,  314.0,  0.200
688,  313.0,  0.205
689,  312.0,  0.200
690,  311.0,  0.186
691,  310.0,  0.189
692,  309.0,  0.201
693,  308.0,  0.238
694,  307.0,  0.190
695,  306.0,  0.235
696,  305.0,  0.213
697,  304.0,  0.202
698,  303.0,  0.160
699,  302.0,  0.168
700,  301.0,  0.157
701,  300.0,  0.187
702,  299.0,  0.176
703,  298.0,  0.096
704,  297.0,  0.152
705,  296.0,  0.096
706,  295.0,  0.139
707,  294.0,  0.095
708,  293.0,  0.030
709,  292.0,  0.007
710,  291.0,  0.113
711,  290.0, -0.017
712,  289.0, -0.017
713,  288.0,  0.013
714,  287.0,  0.051
715,  286.0,  0.051
716,  285.0,  0.007
717,  284.0, -0.049
718,  283.0, -0.030
719,  282.0,  0.051
720,  281.0, -0.004
721,  280.0,  0.026
722,  279.0,  0.026
723,  278.0,  0.071
724,  277.0,  0.062
725,  276.0,  0.073
726,  275.0,  0.143
727,  274.0,  0.114
728,  273.0,  0.152
729,  272.0,  0.152
730,  271.0,  0.245
731,  270.0,  0.281
732,  269.0,  0.268
733,  268.0,  0.243
734,  267.0,  0.382
735,  266.0,  0.348
736,  265.0,  0.331
737,  264.0,  0.394
738,  263.0,  0.385
739,  262.0,  0.368
740,  261.0,  0.338
741,  260.0,  0.369
742,  259.0,  0.313
743,  258.0,  0.407
744,  257.0,  0.371
745,  256.0,  0.396
746,  255.0,  0.420
747,  254.0,  0.384
748,  253.0,  0.438
749,  252.0,  0.339
750,  251.0,  0.382
751,  250.0,  0.326
752,  249.0,  0.326
753,  248.0,  0.326
754,  247.0,  0.401
755,  246.0,  0.326
756,  245.0,  0.326
757,  244.0,  0.255
758,  243.0,  0.352
759,  242.0,  0.352
760,  241.0,  0.376
761,  240.0,  0.376
762,  239.0,  0.376
763,  238.0,  0.376
764,  237.0,  0.376
765,  236.0,  0.376
766,  235.0,  0.376
767,  234.0,  0.376
768,  233.0,  0.376
769,  232.0,  0.398
770,  231.0,  0.398
771,  230.0,  0.398
772,  229.0,  0.444
773,  228.0,  0.444
774,  227.0,  0.421
775,  226.0,  0.444
776,  225.0,  0.421
777,  224.0,  0.376
778,  223.0,  0.457
779,  222.0,  0.547
780,  221.0,  0.464
781,  220.0,  0.423
782,  219.0,  0.409
783,  218.0,  0.498
784,  217.0,  0.434
785,  216.0,  0.383
786,  215.0,  0.383
787,  214.0,  0.421
788,  213.0,  0.488
789,  212.0,  0.426
790,  211.0,  0.438
791,  210.0,  0.367
792,  209.0,  0.435
793,  208.0,  0.371
794,  207.0,  0.313
795,  206.0,  0.338
796,  205.0,  0.448
797,  204.0,  0.294
798,  203.0,  0.353
800,  201.0,  0.336
801,  200.0,  0.357
802,  199.0,  0.409
803,  198.0,  0.342
804,  197.0,  0.332
805,  196.0,  0.346
806,  195.0,  0.364
807,  194.0,  0.244
808,  193.0,  0.349
809,  192.0,  0.367
810,  191.0,  0.311
811,  190.0,  0.358
