Measure Mode: ABSORB
EndWaveLength:  190.0
Step:   1nm
ID, WaveLength, VALUE
1, 1000.0, -0.008
2,  999.0, -0.008
3,  998.0, -0.008
4,  997.0, -0.008
5,  996.0, -0.008
6,  995.0, -0.008
7,  994.0, -0.008
8,  993.0, -0.008
9,  992.0, -0.007
10,  991.0, -0.007
11,  990.0, -0.007
12,  989.0, -0.007
13,  988.0, -0.007
14,  987.0, -0.007
15,  986.0, -0.007
16,  985.0, -0.007
17,  984.0, -0.007
18,  983.0, -0.007
19,  982.0, -0.007
20,  981.0, -0.007
21,  980.0, -0.007
22,  979.0, -0.007
23,  978.0, -0.007
24,  977.0, -0.007
25,  976.0, -0.007
26,  975.0, -0.007
27,  974.0, -0.007
28,  973.0, -0.007
29,  972.0, -0.007
30,  971.0, -0.007
31,  970.0, -0.007
32,  969.0, -0.007
33,  968.0, -0.007
34,  967.0, -0.006
35,  966.0, -0.006
36,  965.0, -0.006
37,  964.0, -0.006
38,  963.0, -0.006
39,  962.0, -0.006
40,  961.0, -0.006
41,  960.0, -0.006
42,  959.0, -0.006
43,  958.0, -0.006
44,  957.0, -0.006
45,  956.0, -0.006
46,  955.0, -0.006
47,  954.0, -0.006
48,  953.0, -0.006
49,  952.0, -0.006
50,  951.0, -0.006
51,  950.0, -0.006
52,  949.0, -0.005
53,  948.0, -0.005
54,  947.0, -0.005
55,  946.0, -0.005
56,  945.0, -0.005
57,  944.0, -0.005
58,  943.0, -0.005
59,  942.0, -0.005
60,  941.0, -0.005
61,  940.0, -0.005
62,  939.0, -0.005
63,  938.0, -0.005
64,  937.0, -0.005
65,  936.0, -0.005
66,  935.0, -0.005
67,  934.0, -0.005
68,  933.0, -0.005
69,  932.0, -0.005
70,  931.0, -0.005
71,  930.0, -0.005
72,  929.0, -0.005
73,  928.0, -0.005
74,  927.0, -0.005
75,  926.0, -0.005
76,  925.0, -0.005
77,  924.0, -0.005
78,  923.0, -0.005
79,  922.0, -0.005
80,  921.0, -0.005
81,  920.0, -0.005
82,  919.0, -0.005
83,  918.0, -0.005
84,  917.0, -0.005
85,  916.0, -0.005
86,  915.0, -0.005
87,  914.0, -0.005
88,  913.0, -0.005
89,  912.0, -0.005
90,  911.0, -0.005
91,  910.0, -0.005
92,  909.0, -0.005
93,  908.0, -0.005
94,  907.0, -0.005
95,  906.0, -0.005
96,  905.0, -0.005
97,  904.0, -0.005
98,  903.0, -0.005
99,  902.0, -0.005
100,  901.0, -0.005
101,  900.0, -0.005
102,  899.0, -0.005
103,  898.0, -0.005
104,  897.0, -0.005
105,  896.0, -0.005
106,  895.0, -0.005
107,  894.0, -0.005
108,  893.0, -0.005
109,  892.0, -0.005
110,  891.0, -0.005
111,  890.0, -0.005
112,  889.0, -0.005
113,  888.0, -0.005
114,  887.0, -0.005
115,  886.0, -0.005
116,  885.0, -0.005
117,  884.0, -0.005
118,  883.0, -0.005
119,  882.0, -0.005
121,  880.0, -0.005
122,  879.0, -0.004
123,  878.0, -0.005
124,  877.0, -0.004
125,  876.0, -0.004
126,  875.0, -0.005
127,  874.0, -0.004
128,  873.0, -0.004
129,  872.0, -0.004
130,  871.0, -0.005
131,  870.0, -0.005
132,  869.0, -0.004
133,  868.0, -0.004
134,  867.0, -0.004
135,  866.0, -0.004
136,  865.0, -0.004
137,  864.0, -0.004
138,  863.0, -0.004
139,  862.0, -0.004
140,  861.0, -0.004
141,  860.0, -0.004
142,  859.0, -0.004
143,  858.0, -0.004
144,  857.0, -0.004
145,  856.0, -0.004
146,  855.0, -0.004
147,  854.0, -0.004
148,  853.0, -0.004
149,  852.0, -0.004
150,  851.0, -0.004
151,  850.0, -0.004
152,  849.0, -0.004
153,  848.0, -0.004
154,  847.0, -0.004
155,  846.0, -0.004
156,  845.0, -0.004
157,  844.0, -0.004
158,  843.0, -0.004
159,  842.0, -0.004
160,  841.0, -0.004
161,  840.0, -0.004
162,  839.0, -0.004
163,  838.0, -0.004
164,  837.0, -0.004
165,  836.0, -0.004
166,  835.0, -0.004
167,  834.0, -0.004
168,  833.0, -0.004
169,  832.0, -0.004
170,  831.0, -0.004
171,  830.0, -0.004
172,  829.0, -0.004
173,  828.0, -0.004
174,  827.0, -0.004
175,  826.0, -0.004
176,  825.0, -0.004
177,  824.0, -0.004
178,  823.0, -0.004
179,  822.0, -0.004
180,  821.0, -0.004
181,  820.0, -0.004
182,  819.0, -0.004
183,  818.0, -0.004
184,  817.0, -0.004
185,  816.0, -0.004
186,  815.0, -0.004
187,  814.0, -0.004
188,  813.0, -0.004
189,  812.0, -0.004
190,  811.0, -0.004
191,  810.0, -0.004
192,  809.0, -0.004
193,  808.0, -0.004
194,  807.0, -0.004
195,  806.0, -0.004
196,  805.0, -0.004
197,  804.0, -0.004
198,  803.0, -0.004
199,  802.0, -0.004
200,  801.0, -0.004
201,  800.0, -0.004
202,  799.0, -0.004
203,  798.0, -0.004
204,  797.0, -0.004
205,  796.0, -0.004
206,  795.0, -0.004
207,  794.0, -0.004
208,  793.0, -0.004
209,  792.0, -0.004
210,  791.0, -0.004
211,  790.0, -0.004
212,  789.0, -0.004
213,  788.0, -0.004
214,  787.0, -0.004
215,  786.0, -0.004
216,  785.0, -0.004
217,  784.0, -0.004
218,  783.0, -0.004
219,  782.0, -0.004
220,  781.0, -0.004
221,  780.0, -0.004
222,  779.0, -0.004
223,  778.0, -0.004
224,  777.0, -0.004
225,  776.0, -0.004
226,  775.0, -0.004
227,  774.0, -0.004
228,  773.0, -0.004
229,  772.0, -0.004
230,  771.0, -0.004
231,  770.0, -0.004
232,  769.0, -0.004
233,  768.0, -0.004
234,  767.0, -0.004
235,  766.0, -0.004
236,  765.0, -0.004
237,  764.0, -0.004
238,  763.0, -0.004
239,  762.0, -0.004
240,  761.0, -0.004
242,  759.0, -0.004
243,  758.0, -0.004
244,  757.0, -0.004
245,  756.0, -0.004
246,  755.0, -0.004
247,  754.0, -0.004
248,  753.0, -0.004
249,  752.0, -0.004
250,  751.0, -0.004
251,  750.0, -0.004
252,  749.0, -0.004
253,  748.0, -0.004
254,  747.0, -0.004
255,  746.0, -0.004
256,  745.0, -0.004
257,  744.0, -0.004
258,  743.0, -0.004
259,  742.0, -0.004
260,  741.0, -0.004
261,  740.0, -0.004
262,  739.0, -0.004
263,  738.0, -0.004
264,  737.0, -0.004
265,  736.0, -0.004
266,  735.0, -0.004
267,  734.0, -0.004
268,  733.0, -0.004
269,  732.0, -0.004
270,  731.0, -0.004
271,  730.0, -0.004
272,  729.0, -0.004
273,  728.0, -0.004
274,  727.0, -0.004
275,  726.0, -0.004
276,  725.0, -0.004
277,  724.0, -0.004
278,  723.0, -0.004
279,  722.0, -0.004
280,  721.0, -0.003
281,  720.0, -0.003
282,  719.0, -0.003
283,  718.0, -0.003
284,  717.0, -0.003
285,  716.0, -0.003
286,  715.0, -0.003
287,  714.0, -0.003
288,  713.0, -0.003
289,  712.0, -0.003
290,  711.0, -0.003
291,  710.0, -0.003
292,  709.0, -0.003
293,  708.0, -0.003
294,  707.0, -0.003
295,  706.0, -0.003
296,  705.0, -0.003
297,  704.0, -0.003
298,  703.0, -0.003
299,  702.0, -0.003
300,  701.0, -0.002
301,  700.0, -0.002
302,  699.0, -0.002
303,  698.0, -0.002
304,  697.0, -0.002
305,  696.0, -0.002
306,  695.0, -0.002
307,  694.0, -0.002
308,  693.0, -0.002
309,  692.0, -0.002
310,  691.0, -0.002
311,  690.0, -0.002
312,  689.0, -0.002
313,  688.0, -0.001
314,  687.0, -0.001
315,  686.0, -0.001
316,  685.0, -0.001
317,  684.0, -0.001
318,  683.0, -0.001
319,  682.0, -0.001
320,  681.0, -0.001
321,  680.0, -0.001
322,  679.0, -0.000
323,  678.0, -0.000
324,  677.0, -0.000
325,  676.0, -0.000
326,  675.0, -0.000
327,  674.0,  0.000
328,  673.0,  0.000
329,  672.0,  0.000
330,  671.0,  0.000
331,  670.0,  0.001
332,  669.0,  0.001
333,  668.0,  0.001
334,  667.0,  0.001
335,  666.0,  0.001
336,  665.0,  0.001
337,  664.0,  0.002
338,  663.0,  0.002
339,  662.0,  0.002
340,  661.0,  0.002
341,  660.0,  0.002
342,  659.0,  0.003
343,  658.0,  0.003
344,  657.0,  0.003
345,  656.0,  0.003
346,  655.0,  0.003
347,  654.0,  0.004
348,  653.0,  0.004
349,  652.0,  0.004
350,  651.0,  0.005
351,  650.0,  0.005
352,  649.0,  0.005
353,  648.0,  0.006
354,  647.0,  0.006
355,  646.0,  0.007
356,  645.0,  0.007
357,  644.0,  0.008
358,  643.0,  0.008
359,  642.0,  0.009
360,  641.0,  0.009
361,  640.0,  0.010
362,  639.0,  0.010
363,  638.0,  0.011
364,  637.0,  0.012
365,  636.0,  0.012
366,  635.0,  0.013
367,  634.0,  0.014
368,  633.0,  0.015
369,  632.0,  0.015
370,  631.0,  0.016
371,  630.0,  0.017
372,  629.0,  0.018
373,  628.0,  0.019
374,  627.0,  0.021
375,  626.0,  0.022
376,  625.0,  0.023
377,  624.0,  0.024
378,  623.0,  0.026
379,  622.0,  0.027
380,  621.0,  0.029
381,  620.0,  0.030
382,  619.0,  0.032
383,  618.0,  0.034
384,  617.0,  0.036
385,  616.0,  0.038
386,  615.0,  0.040
387,  614.0,  0.042
388,  613.0,  0.044
389,  612.0,  0.046
390,  611.0,  0.049
391,  610.0,  0.051
392,  609.0,  0.054
393,  608.0,  0.057
394,  607.0,  0.059
395,  606.0,  0.062
396,  605.0,  0.066
397,  604.0,  0.069
398,  603.0,  0.072
399,  602.0,  0.076
400,  601.0,  0.079
401,  600.0,  0.083
402,  599.0,  0.087
403,  598.0,  0.091
404,  597.0,  0.095
405,  596.0,  0.099
406,  595.0,  0.103
407,  594.0,  0.108
408,  593.0,  0.112
409,  592.0,  0.117
410,  591.0,  0.122
411,  590.0,  0.127
412,  589.0,  0.132
413,  588.0,  0.137
414,  587.0,  0.142
415,  586.0,  0.148
416,  585.0,  0.153
417,  584.0,  0.160
418,  583.0,  0.165
419,  582.0,  0.171
420,  581.0,  0.177
421,  580.0,  0.183
422,  579.0,  0.189
423,  578.0,  0.195
424,  577.0,  0.202
425,  576.0,  0.208
426,  575.0,  0.214
427,  574.0,  0.220
428,  573.0,  0.226
429,  572.0,  0.233
430,  571.0,  0.239
431,  570.0,  0.245
432,  569.0,  0.252
433,  568.0,  0.258
434,  567.0,  0.264
435,  566.0,  0.271
436,  565.0,  0.277
437,  564.0,  0.283
438,  563.0,  0.289
439,  562.0,  0.295
440,  561.0,  0.301
441,  560.0,  0.307
442,  559.0,  0.313
443,  558.0,  0.318
444,  557.0,  0.324
445,  556.0,  0.329
446,  555.0,  0.334
447,  554.0,  0.340
448,  553.0,  0.344
449,  552.0,  0.349
450,  551.0,  0.353
451,  550.0,  0.358
452,  549.0,  0.362
453,  548.0,  0.366
454,  547.0,  0.370
455,  546.0,  0.374
456,  545.0,  0.377
457,  544.0,  0.381
458,  543.0,  0.384
459,  542.0,  0.387
460,  541.0,  0.389
461,  540.0,  0.392
462,  539.0,  0.394
463,  538.0,  0.396
464,  537.0,  0.398
465,  536.0,  0.399
466,  535.0,  0.401
467,  534.0,  0.402
468,  533.0,  0.403
469,  532.0,  0.404
470,  531.0,  0.404
471,  530.0,  0.405
472,  529.0,  0.405
473,  528.0,  0.405
474,  527.0,  0.405
475,  526.0,  0.404
476,  525.0,  0.404
477,  524.0,  0.403
478,  523.0,  0.402
479,  522.0,  0.401
480,  521.0,  0.400
481,  520.0,  0.399
482,  519.0,  0.397
483,  518.0,  0.396
484,  517.0,  0.394
485,  516.0,  0.392
486,  515.0,  0.390
487,  514.0,  0.388
488,  513.0,  0.386
489,  512.0,  0.384
490,  511.0,  0.381
491,  510.0,  0.379
492,  509.0,  0.377
493,  508.0,  0.374
494,  507.0,  0.371
495,  506.0,  0.369
496,  505.0,  0.366
497,  504.0,  0.363
498,  503.0,  0.361
499,  502.0,  0.358
500,  501.0,  0.355
501,  500.0,  0.352
502,  499.0,  0.349
503,  498.0,  0.346
504,  497.0,  0.344
505,  496.0,  0.340
506,  495.0,  0.338
507,  494.0,  0.334
508,  493.0,  0.332
509,  492.0,  0.328
510,  491.0,  0.326
511,  490.0,  0.323
512,  489.0,  0.319
513,  488.0,  0.316
514,  487.0,  0.313
515,  486.0,  0.310
516,  485.0,  0.307
517,  484.0,  0.304
518,  483.0,  0.300
519,  482.0,  0.297
520,  481.0,  0.294
521,  480.0,  0.291
522,  479.0,  0.287
523,  478.0,  0.284
524,  477.0,  0.281
525,  476.0,  0.277
526,  475.0,  0.273
527,  474.0,  0.270
528,  473.0,  0.266
529,  472.0,  0.263
530,  471.0,  0.259
531,  470.0,  0.255
532,  469.0,  0.251
533,  468.0,  0.247
534,  467.0,  0.244
535,  466.0,  0.240
536,  465.0,  0.236
537,  464.0,  0.232
538,  463.0,  0.227
539,  462.0,  0.223
540,  461.0,  0.219
541,  460.0,  0.215
542,  459.0,  0.210
543,  458.0,  0.206
544,  457.0,  0.202
545,  456.0,  0.198
546,  455.0,  0.193
547,  454.0,  0.189
548,  453.0,  0.185
549,  452.0,  0.180
550,  451.0,  0.176
551,  450.0,  0.171
552,  449.0,  0.167
553,  448.0,  0.162
554,  447.0,  0.158
555,  446.0,  0.154
556,  445.0,  0.150
557,  444.0,  0.146
558,  443.0,  0.142
559,  442.0,  0.138
560,  441.0,  0.133
561,  440.0,  0.129
562,  439.0,  0.126
563,  438.0,  0.122
564,  437.0,  0.118
565,  436.0,  0.115
566,  435.0,  0.111
567,  434.0,  0.108
568,  433.0,  0.105
569,  432.0,  0.102
570,  431.0,  0.099
571,  430.0,  0.096
572,  429.0,  0.093
573,  428.0,  0.091
574,  427.0,  0.088
575,  426.0,  0.086
576,  425.0,  0.084
577,  424.0,  0.083
578,  423.0,  0.081
579,  422.0,  0.080
580,  421.0,  0.079
581,  420.0,  0.078
582,  419.0,  0.077
583,  418.0,  0.077
584,  417.0,  0.077
585,  416.0,  0.077
586,  415.0,  0.077
587,  414.0,  0.078
588,  413.0,  0.079
589,  412.0,  0.081
590,  411.0,  0.083
591,  410.0,  0.085
592,  409.0,  0.087
593,  408.0,  0.090
594,  407.0,  0.093
595,  406.0,  0.096
596,  405.0,  0.100
597,  404.0,  0.105
598,  403.0,  0.109
599,  402.0,  0.114
600,  401.0,  0.120
601,  400.0,  0.126
602,  399.0,  0.132
603,  398.0,  0.138
604,  397.0,  0.145
605,  396.0,  0.152
606,  395.0,  0.159
607,  394.0,  0.167
608,  393.0,  0.175
609,  392.0,  0.183
610,  391.0,  0.192
611,  390.0,  0.201
612,  389.0,  0.209
613,  388.0,  0.219
614,  387.0,  0.228
615,  386.0,  0.237
616,  385.0,  0.246
617,  384.0,  0.255
618,  383.0,  0.264
619,  382.0,  0.273
620,  381.0,  0.282
621,  380.0,  0.291
622,  379.0,  0.300
623,  378.0,  0.309
624,  377.0,  0.317
625,  376.0,  0.326
626,  375.0,  0.334
627,  374.0,  0.341
628,  373.0,  0.348
629,  372.0,  0.354
630,  371.0,  0.360
631,  370.0,  0.366
632,  369.0,  0.371
633,  368.0,  0.375
634,  367.0,  0.379
635,  366.0,  0.382
636,  365.0,  0.385
637,  364.0,  0.387
638,  363.0,  0.388
639,  362.0,  0.388
640,  361.0,  0.388
641,  360.0,  0.387
642,  359.0,  0.386
643,  358.0,  0.384
644,  357.0,  0.382
645,  356.0,  0.378
646,  355.0,  0.374
647,  354.0,  0.369
648,  353.0,  0.364
649,  352.0,  0.359
650,  351.0,  0.353
651,  350.0,  0.346
652,  349.0,  0.340
653,  348.0,  0.333
654,  347.0,  0.326
655,  346.0,  0.318
656,  345.0,  0.311
657,  344.0,  0.303
658,  343.0,  0.296
659,  342.0,  0.288
660,  341.0,  0.281
661,  340.0,  0.273
662,  339.0,  0.261
663,  338.0,  0.255
664,  337.0,  0.249
665,  336.0,  0.244
666,  335.0,  0.240
667,  334.0,  0.237
668,  333.0,  0.235
669,  332.0,  0.235
670,  331.0,  0.236
671,  330.0,  0.238
672,  329.0,  0.242
673,  328.0,  0.248
674,  327.0,  0.257
675,  326.0,  0.267
676,  325.0,  0.278
677,  324.0,  0.291
678,  323.0,  0.306
679,  322.0,  0.323
680,  321.0,  0.341
681,  320.0,  0.362
682,  319.0,  0.384
683,  318.0,  0.407
684,  317.0,  0.433
685,  316.0,  0.454
686,  315.0,  0.472
687,  314.0,  0.487
688,  313.0,  0.504
689,  312.0,  0.509
690,  311.0,  0.545
691,  310.0,  0.593
692,  309.0,  0.612
693,  308.0,  0.635
694,  307.0,  0.572
695,  306.0,  0.582
696,  305.0,  0.546
697,  304.0,  0.631
698,  303.0,  0.487
699,  302.0,  0.527
700,  301.0,  0.656
701,  300.0,  0.613
702,  299.0,  0.512
703,  298.0,  0.543
704,  297.0,  0.676
705,  296.0,  0.476
706,  295.0,  0.565
707,  294.0,  0.530
708,  293.0,  0.489
709,  292.0,  0.392
710,  291.0,  0.516
711,  290.0,  0.472
712,  289.0,  0.485
713,  288.0,  0.460
714,  287.0,  0.474
715,  286.0,  0.407
716,  285.0,  0.454
717,  284.0,  0.374
718,  283.0,  0.485
719,  282.0,  0.486
720,  281.0,  0.418
721,  280.0,  0.460
722,  279.0,  0.485
723,  278.0,  0.498
724,  277.0,  0.527
725,  276.0,  0.550
726,  275.0,  0.473
727,  274.0,  0.499
728,  273.0,  0.525
729,  272.0,  0.453
730,  271.0,  0.597
731,  270.0,  0.473
732,  269.0,  0.447
733,  268.0,  0.532
734,  267.0,  0.625
735,  266.0,  0.427
736,  265.0,  0.587
737,  264.0,  0.504
738,  263.0,  0.765
739,  262.0,  0.587
740,  261.0,  0.518
741,  260.0,  0.503
742,  259.0,  0.602
743,  258.0,  0.530
744,  257.0,  0.517
745,  256.0,  0.518
746,  255.0,  0.640
747,  254.0,  0.627
748,  253.0,  0.517
749,  252.0,  0.485
750,  251.0,  0.449
751,  250.0,  0.326
752,  249.0,  0.451
753,  248.0,  0.451
754,  247.0,  0.377
755,  246.0,  0.451
756,  245.0,  0.451
757,  244.0,  0.477
758,  243.0,  0.477
759,  242.0,  0.501
760,  241.0,  0.376
761,  240.0,  0.501
762,  239.0,  0.376
763,  238.0,  0.376
764,  237.0,  0.376
765,  236.0,  0.501
766,  235.0,  0.501
767,  234.0,  0.523
768,  233.0,  0.376
769,  232.0,  0.501
770,  231.0,  0.376
771,  230.0,  0.523
772,  229.0,  0.546
773,  228.0,  0.546
774,  227.0,  0.421
775,  226.0,  0.546
776,  225.0,  0.546
777,  224.0,  0.376
778,  223.0,  0.712
779,  222.0,  0.615
780,  221.0,  0.532
781,  220.0,  0.513
782,  219.0,  0.476
783,  218.0,  0.641
784,  217.0,  0.501
785,  216.0,  0.529
786,  215.0,  0.529
787,  214.0,  0.532
788,  213.0,  0.532
789,  212.0,  0.529
790,  211.0,  0.438
791,  210.0,  0.422
792,  209.0,  0.477
793,  208.0,  0.505
794,  207.0,  0.368
795,  206.0,  0.460
796,  205.0,  0.503
797,  204.0,  0.440
798,  203.0,  0.394
799,  202.0,  0.388
800,  201.0,  0.528
801,  200.0,  0.568
802,  199.0,  0.468
803,  198.0,  0.489
804,  197.0,  0.425
805,  196.0,  0.299
806,  195.0,  0.496
807,  194.0,  0.448
808,  193.0,  0.444
809,  192.0,  0.383
810,  191.0,  0.418
811,  190.0,  0.346
