Measure Mode: ABSORB
StartWaveLength: 1000.0
EndWaveLength:  190.0
Step:   1nm
ID, WaveLength, VALUE
1, 1000.0, -0.001
2,  999.0, -0.001
3,  998.0, -0.001
4,  997.0, -0.001
5,  996.0, -0.002
6,  995.0, -0.002
7,  994.0, -0.002
8,  993.0, -0.002
9,  992.0, -0.002
10,  991.0, -0.003
11,  990.0, -0.003
12,  989.0, -0.003
13,  988.0, -0.003
14,  987.0, -0.004
15,  986.0, -0.004
16,  985.0, -0.004
17,  984.0, -0.004
18,  983.0, -0.004
19,  982.0, -0.005
20,  981.0, -0.005
21,  980.0, -0.005
22,  979.0, -0.005
23,  978.0, -0.005
24,  977.0, -0.005
25,  976.0, -0.006
26,  975.0, -0.006
27,  974.0, -0.006
28,  973.0, -0.006
29,  972.0, -0.006
30,  971.0, -0.006
31,  970.0, -0.006
32,  969.0, -0.007
33,  968.0, -0.007
34,  967.0, -0.007
35,  966.0, -0.007
36,  965.0, -0.007
37,  964.0, -0.007
38,  963.0, -0.007
39,  962.0, -0.007
40,  961.0, -0.007
41,  960.0, -0.006
42,  959.0, -0.006
43,  958.0, -0.006
44,  957.0, -0.005
45,  956.0, -0.005
46,  955.0, -0.005
47,  954.0, -0.004
48,  953.0, -0.004
49,  952.0, -0.004
50,  951.0, -0.003
51,  950.0, -0.003
52,  949.0, -0.003
53,  948.0, -0.002
54,  947.0, -0.002
55,  946.0, -0.002
56,  945.0, -0.002
57,  944.0, -0.001
58,  943.0, -0.001
59,  942.0, -0.001
60,  941.0, -0.001
61,  940.0, -0.001
62,  939.0, -0.001
63,  938.0, -0.001
64,  937.0, -0.001
65,  936.0, -0.001
66,  935.0, -0.001
67,  934.0, -0.001
68,  933.0, -0.000
69,  932.0, -0.000
70,  931.0, -0.000
71,  930.0, -0.000
72,  929.0, -0.000
73,  928.0,  0.000
74,  927.0,  0.000
75,  926.0,  0.000
76,  925.0,  0.000
77,  924.0,  0.000
78,  923.0,  0.000
79,  922.0,  0.000
80,  921.0,  0.000
81,  920.0,  0.000
82,  919.0,  0.001
83,  918.0,  0.001
84,  917.0,  0.001
85,  916.0,  0.001
86,  915.0,  0.001
87,  914.0,  0.001
88,  913.0,  0.001
89,  912.0,  0.001
90,  911.0,  0.001
91,  910.0,  0.001
92,  909.0,  0.001
93,  908.0,  0.001
94,  907.0,  0.001
95,  906.0,  0.001
96,  905.0,  0.001
97,  904.0,  0.001
98,  903.0,  0.001
99,  902.0,  0.001
100,  901.0,  0.001
101,  900.0,  0.001
102,  899.0,  0.001
103,  898.0,  0.001
104,  897.0,  0.001
105,  896.0,  0.001
106,  895.0,  0.001
107,  894.0,  0.001
108,  893.0,  0.001
109,  892.0,  0.001
110,  891.0,  0.001
112,  889.0,  0.001
113,  888.0,  0.001
114,  887.0,  0.001
115,  886.0,  0.001
116,  885.0,  0.001
117,  884.0,  0.001
118,  883.0,  0.001
119,  882.0,  0.001
120,  881.0,  0.001
121,  880.0,  0.001
122,  879.0,  0.001
123,  878.0,  0.001
124,  877.0,  0.001
125,  876.0,  0.001
126,  875.0,  0.001
127,  874.0,  0.001
128,  873.0,  0.001
129,  872.0,  0.001
130,  871.0,  0.001
131,  870.0,  0.001
132,  869.0,  0.001
133,  868.0,  0.001
134,  867.0,  0.001
135,  866.0,  0.001
136,  865.0,  0.001
137,  864.0,  0.001
138,  863.0,  0.001
139,  862.0,  0.001
140,  861.0,  0.001
141,  860.0,  0.000
142,  859.0,  0.000
143,  858.0,  0.000
144,  857.0,  0.000
145,  856.0,  0.000
146,  855.0,  0.000
147,  854.0,  0.000
148,  853.0,  0.000
149,  852.0,  0.000
150,  851.0,  0.000
151,  850.0,  0.000
152,  849.0,  0.000
153,  848.0,  0.000
154,  847.0,  0.000
155,  846.0,  0.000
156,  845.0,  0.000
157,  844.0,  0.000
158,  843.0,  0.000
159,  842.0,  0.000
160,  841.0,  0.000
161,  840.0,  0.000
162,  839.0,  0.000
163,  838.0,  0.000
164,  837.0,  0.000
165,  836.0,  0.000
166,  835.0,  0.000
167,  834.0,  0.000
168,  833.0,  0.000
169,  832.0,  0.001
170,  831.0,  0.001
171,  830.0,  0.001
172,  829.0,  0.001
173,  828.0,  0.001
174,  827.0,  0.001
175,  826.0,  0.001
176,  825.0,  0.001
177,  824.0,  0.001
178,  823.0,  0.001
179,  822.0,  0.001
180,  821.0,  0.001
181,  820.0,  0.001
182,  819.0,  0.001
183,  818.0,  0.001
184,  817.0,  0.001
185,  816.0,  0.001
186,  815.0,  0.001
187,  814.0,  0.001
188,  813.0,  0.001
189,  812.0,  0.001
190,  811.0,  0.001
191,  810.0,  0.001
192,  809.0,  0.001
193,  808.0,  0.001
194,  807.0,  0.001
195,  806.0,  0.001
196,  805.0,  0.001
197,  804.0,  0.001
198,  803.0,  0.001
199,  802.0,  0.001
200,  801.0,  0.001
201,  800.0,  0.001
202,  799.0,  0.001
203,  798.0,  0.001
204,  797.0,  0.001
205,  796.0,  0.001
206,  795.0,  0.001
207,  794.0,  0.001
208,  793.0,  0.001
209,  792.0,  0.001
210,  791.0,  0.001
211,  790.0,  0.002
212,  789.0,  0.002
213,  788.0,  0.002
214,  787.0,  0.002
215,  786.0,  0.002
216,  785.0,  0.002
217,  784.0,  0.002
218,  783.0,  0.002
219,  782.0,  0.002
220,  781.0,  0.002
221,  780.0,  0.002
222,  779.0,  0.002
223,  778.0,  0.002
224,  777.0,  0.002
225,  776.0,  0.002
226,  775.0,  0.002
227,  774.0,  0.002
228,  773.0,  0.002
229,  772.0,  0.002
230,  771.0,  0.002
231,  770.0,  0.002
232,  769.0,  0.002
233,  768.0,  0.002
234,  767.0,  0.002
235,  766.0,  0.002
236,  765.0,  0.002
237,  764.0,  0.002
238,  763.0,  0.002
239,  762.0,  0.002
240,  761.0,  0.002
241,  760.0,  0.002
242,  759.0,  0.002
243,  758.0,  0.002
244,  757.0,  0.002
245,  756.0,  0.002
246,  755.0,  0.002
247,  754.0,  0.002
248,  753.0,  0.002
249,  752.0,  0.002
250,  751.0,  0.002
251,  750.0,  0.002
252,  749.0,  0.002
253,  748.0,  0.002
254,  747.0,  0.002
255,  746.0,  0.002
256,  745.0,  0.002
257,  744.0,  0.002
258,  743.0,  0.002
259,  742.0,  0.002
260,  741.0,  0.002
261,  740.0,  0.002
262,  739.0,  0.002
263,  738.0,  0.002
264,  737.0,  0.002
265,  736.0,  0.002
266,  735.0,  0.002
267,  734.0,  0.003
268,  733.0,  0.003
269,  732.0,  0.003
270,  731.0,  0.003
271,  730.0,  0.003
272,  729.0,  0.003
273,  728.0,  0.003
274,  727.0,  0.003
275,  726.0,  0.003
276,  725.0,  0.003
277,  724.0,  0.003
278,  723.0,  0.003
279,  722.0,  0.003
280,  721.0,  0.003
281,  720.0,  0.003
282,  719.0,  0.004
283,  718.0,  0.004
284,  717.0,  0.004
285,  716.0,  0.004
286,  715.0,  0.004
287,  714.0,  0.004
288,  713.0,  0.004
289,  712.0,  0.004
290,  711.0,  0.004
291,  710.0,  0.004
292,  709.0,  0.004
293,  708.0,  0.004
294,  707.0,  0.004
295,  706.0,  0.004
296,  705.0,  0.004
297,  704.0,  0.004
298,  703.0,  0.004
299,  702.0,  0.004
300,  701.0,  0.005
301,  700.0,  0.005
302,  699.0,  0.005
303,  698.0,  0.005
304,  697.0,  0.005
305,  696.0,  0.005
306,  695.0,  0.005
307,  694.0,  0.005
308,  693.0,  0.005
309,  692.0,  0.005
310,  691.0,  0.005
311,  690.0,  0.005
312,  689.0,  0.006
313,  688.0,  0.006
314,  687.0,  0.006
315,  686.0,  0.006
316,  685.0,  0.006
317,  684.0,  0.006
318,  683.0,  0.006
319,  682.0,  0.006
320,  681.0,  0.006
321,  680.0,  0.006
322,  679.0,  0.006
323,  678.0,  0.007
324,  677.0,  0.007
325,  676.0,  0.007
326,  675.0,  0.007
327,  674.0,  0.007
328,  673.0,  0.007
329,  672.0,  0.007
330,  671.0,  0.007
331,  670.0,  0.007
332,  669.0,  0.007
333,  668.0,  0.008
334,  667.0,  0.008
335,  666.0,  0.008
336,  665.0,  0.008
337,  664.0,  0.008
338,  663.0,  0.008
339,  662.0,  0.008
340,  661.0,  0.009
341,  660.0,  0.009
342,  659.0,  0.009
343,  658.0,  0.009
344,  657.0,  0.009
345,  656.0,  0.009
346,  655.0,  0.010
347,  654.0,  0.010
348,  653.0,  0.010
349,  652.0,  0.010
350,  651.0,  0.011
351,  650.0,  0.011
352,  649.0,  0.011
353,  648.0,  0.011
354,  647.0,  0.012
355,  646.0,  0.012
356,  645.0,  0.012
357,  644.0,  0.013
358,  643.0,  0.013
359,  642.0,  0.013
360,  641.0,  0.014
361,  640.0,  0.014
362,  639.0,  0.014
363,  638.0,  0.015
364,  637.0,  0.015
365,  636.0,  0.016
366,  635.0,  0.016
367,  634.0,  0.017
368,  633.0,  0.017
369,  632.0,  0.018
370,  631.0,  0.018
371,  630.0,  0.019
372,  629.0,  0.020
373,  628.0,  0.020
374,  627.0,  0.021
375,  626.0,  0.022
376,  625.0,  0.023
377,  624.0,  0.023
378,  623.0,  0.024
379,  622.0,  0.025
380,  621.0,  0.026
381,  620.0,  0.027
382,  619.0,  0.028
383,  618.0,  0.029
384,  617.0,  0.031
385,  616.0,  0.032
386,  615.0,  0.033
387,  614.0,  0.034
388,  613.0,  0.036
389,  612.0,  0.037
390,  611.0,  0.039
391,  610.0,  0.041
392,  609.0,  0.042
393,  608.0,  0.044
394,  607.0,  0.046
395,  606.0,  0.048
396,  605.0,  0.050
397,  604.0,  0.052
398,  603.0,  0.054
399,  602.0,  0.056
400,  601.0,  0.059
401,  600.0,  0.061
402,  599.0,  0.063
403,  598.0,  0.066
404,  597.0,  0.068
405,  596.0,  0.071
406,  595.0,  0.074
407,  594.0,  0.077
408,  593.0,  0.080
409,  592.0,  0.083
410,  591.0,  0.086
411,  590.0,  0.090
412,  589.0,  0.093
413,  588.0,  0.096
414,  587.0,  0.099
415,  586.0,  0.103
416,  585.0,  0.107
417,  584.0,  0.111
418,  583.0,  0.114
419,  582.0,  0.118
420,  581.0,  0.122
421,  580.0,  0.126
422,  579.0,  0.130
423,  578.0,  0.134
424,  577.0,  0.138
425,  576.0,  0.142
426,  575.0,  0.146
427,  574.0,  0.150
428,  573.0,  0.154
429,  572.0,  0.158
430,  571.0,  0.163
431,  570.0,  0.167
432,  569.0,  0.171
433,  568.0,  0.175
434,  567.0,  0.179
435,  566.0,  0.184
436,  565.0,  0.188
437,  564.0,  0.192
438,  563.0,  0.196
439,  562.0,  0.199
440,  561.0,  0.203
441,  560.0,  0.207
442,  559.0,  0.211
443,  558.0,  0.215
444,  557.0,  0.218
445,  556.0,  0.222
446,  555.0,  0.226
447,  554.0,  0.229
448,  553.0,  0.232
449,  552.0,  0.235
450,  551.0,  0.238
451,  550.0,  0.241
452,  549.0,  0.244
453,  548.0,  0.247
454,  547.0,  0.249
455,  546.0,  0.252
456,  545.0,  0.254
457,  544.0,  0.256
458,  543.0,  0.258
459,  542.0,  0.260
460,  541.0,  0.262
461,  540.0,  0.264
462,  539.0,  0.265
463,  538.0,  0.266
464,  537.0,  0.267
465,  536.0,  0.269
466,  535.0,  0.269
467,  534.0,  0.270
468,  533.0,  0.271
469,  532.0,  0.271
470,  531.0,  0.272
471,  530.0,  0.272
472,  529.0,  0.272
473,  528.0,  0.272
474,  527.0,  0.271
475,  526.0,  0.271
476,  525.0,  0.271
477,  524.0,  0.270
478,  523.0,  0.269
479,  522.0,  0.268
480,  521.0,  0.267
481,  520.0,  0.266
482,  519.0,  0.265
483,  518.0,  0.264
484,  517.0,  0.263
485,  516.0,  0.261
486,  515.0,  0.260
487,  514.0,  0.258
488,  513.0,  0.256
489,  512.0,  0.255
490,  511.0,  0.253
491,  510.0,  0.251
492,  509.0,  0.249
493,  508.0,  0.247
494,  507.0,  0.245
495,  506.0,  0.243
496,  505.0,  0.241
497,  504.0,  0.239
498,  503.0,  0.237
499,  502.0,  0.234
500,  501.0,  0.232
501,  500.0,  0.230
502,  499.0,  0.228
503,  498.0,  0.225
504,  497.0,  0.223
505,  496.0,  0.221
506,  495.0,  0.218
507,  494.0,  0.216
508,  493.0,  0.214
509,  492.0,  0.212
510,  491.0,  0.209
511,  490.0,  0.207
512,  489.0,  0.205
513,  488.0,  0.202
514,  487.0,  0.200
515,  486.0,  0.198
516,  485.0,  0.196
517,  484.0,  0.193
518,  483.0,  0.191
519,  482.0,  0.189
520,  481.0,  0.186
521,  480.0,  0.184
522,  479.0,  0.182
523,  478.0,  0.180
524,  477.0,  0.177
525,  476.0,  0.175
526,  475.0,  0.173
527,  474.0,  0.170
528,  473.0,  0.168
529,  472.0,  0.166
530,  471.0,  0.163
531,  470.0,  0.161
532,  469.0,  0.158
533,  468.0,  0.156
534,  467.0,  0.154
535,  466.0,  0.151
536,  465.0,  0.149
537,  464.0,  0.146
538,  463.0,  0.144
539,  462.0,  0.141
540,  461.0,  0.139
541,  460.0,  0.136
542,  459.0,  0.134
543,  458.0,  0.131
544,  457.0,  0.128
545,  456.0,  0.126
546,  455.0,  0.124
547,  454.0,  0.121
548,  453.0,  0.119
549,  452.0,  0.116
550,  451.0,  0.113
551,  450.0,  0.111
552,  449.0,  0.108
553,  448.0,  0.106
554,  447.0,  0.103
555,  446.0,  0.101
556,  445.0,  0.099
557,  444.0,  0.096
558,  443.0,  0.094
559,  442.0,  0.092
560,  441.0,  0.090
561,  440.0,  0.088
562,  439.0,  0.085
563,  438.0,  0.084
564,  437.0,  0.082
565,  436.0,  0.080
566,  435.0,  0.078
567,  434.0,  0.076
568,  433.0,  0.075
569,  432.0,  0.073
570,  431.0,  0.072
571,  430.0,  0.071
572,  429.0,  0.069
573,  428.0,  0.068
574,  427.0,  0.067
575,  426.0,  0.066
576,  425.0,  0.065
577,  424.0,  0.064
578,  423.0,  0.064
579,  422.0,  0.063
580,  421.0,  0.063
581,  420.0,  0.063
582,  419.0,  0.063
583,  418.0,  0.063
584,  417.0,  0.063
585,  416.0,  0.064
586,  415.0,  0.064
587,  414.0,  0.065
588,  413.0,  0.066
589,  412.0,  0.067
590,  411.0,  0.069
591,  410.0,  0.071
592,  409.0,  0.072
594,  407.0,  0.077
595,  406.0,  0.079
596,  405.0,  0.082
597,  404.0,  0.085
598,  403.0,  0.088
599,  402.0,  0.092
600,  401.0,  0.096
601,  400.0,  0.099
602,  399.0,  0.104
603,  398.0,  0.108
604,  397.0,  0.112
605,  396.0,  0.117
606,  395.0,  0.122
607,  394.0,  0.127
608,  393.0,  0.132
609,  392.0,  0.138
610,  391.0,  0.143
611,  390.0,  0.149
612,  389.0,  0.154
613,  388.0,  0.160
614,  387.0,  0.166
615,  386.0,  0.172
616,  385.0,  0.178
617,  384.0,  0.183
618,  383.0,  0.189
619,  382.0,  0.194
620,  381.0,  0.200
621,  380.0,  0.206
622,  379.0,  0.211
623,  378.0,  0.217
624,  377.0,  0.222
625,  376.0,  0.227
626,  375.0,  0.232
627,  374.0,  0.237
628,  373.0,  0.241
629,  372.0,  0.245
630,  371.0,  0.248
631,  370.0,  0.252
632,  369.0,  0.255
633,  368.0,  0.257
634,  367.0,  0.260
635,  366.0,  0.261
636,  365.0,  0.262
637,  364.0,  0.263
638,  363.0,  0.264
639,  362.0,  0.264
640,  361.0,  0.263
641,  360.0,  0.262
642,  359.0,  0.261
643,  358.0,  0.259
644,  357.0,  0.257
645,  356.0,  0.254
646,  355.0,  0.251
647,  354.0,  0.248
648,  353.0,  0.244
649,  352.0,  0.240
650,  351.0,  0.235
651,  350.0,  0.230
652,  349.0,  0.225
653,  348.0,  0.219
654,  347.0,  0.214
655,  346.0,  0.207
656,  345.0,  0.201
657,  344.0,  0.194
658,  343.0,  0.186
659,  342.0,  0.179
660,  341.0,  0.171
661,  340.0,  0.163
662,  339.0,  0.149
663,  338.0,  0.139
664,  337.0,  0.129
665,  336.0,  0.119
666,  335.0,  0.108
667,  334.0,  0.096
668,  333.0,  0.082
669,  332.0,  0.068
670,  331.0,  0.052
671,  330.0,  0.035
672,  329.0,  0.017
673,  328.0, -0.004
674,  327.0, -0.026
675,  326.0, -0.049
676,  325.0, -0.073
677,  324.0, -0.098
678,  323.0, -0.124
679,  322.0, -0.152
680,  321.0, -0.180
681,  320.0, -0.211
682,  319.0, -0.241
683,  318.0, -0.271
684,  317.0, -0.298
685,  316.0, -0.327
686,  315.0, -0.360
687,  314.0, -0.384
688,  313.0, -0.408
689,  312.0, -0.426
690,  311.0, -0.450
691,  310.0, -0.461
692,  309.0, -0.457
693,  308.0, -0.466
694,  307.0, -0.463
695,  306.0, -0.477
696,  305.0, -0.481
697,  304.0, -0.446
698,  303.0, -0.483
699,  302.0, -0.469
700,  301.0, -0.481
701,  300.0, -0.490
702,  299.0, -0.477
703,  298.0, -0.469
704,  297.0, -0.460
705,  296.0, -0.445
706,  295.0, -0.419
707,  294.0, -0.385
708,  293.0, -0.429
709,  292.0, -0.448
710,  291.0, -0.355
711,  290.0, -0.359
712,  289.0, -0.386
713,  288.0, -0.343
714,  287.0, -0.301
716,  285.0, -0.280
717,  284.0, -0.248
718,  283.0, -0.223
719,  282.0, -0.169
720,  281.0, -0.109
721,  280.0, -0.084
722,  279.0, -0.071
723,  278.0, -0.030
724,  277.0,  0.003
725,  276.0,  0.114
726,  275.0,  0.105
727,  274.0,  0.034
728,  273.0,  0.101
729,  272.0,  0.114
730,  271.0,  0.206
731,  270.0,  0.243
732,  269.0,  0.166
733,  268.0,  0.218
734,  267.0,  0.331
735,  266.0,  0.243
736,  265.0,  0.318
737,  264.0,  0.317
738,  263.0,  0.346
739,  262.0,  0.247
740,  261.0,  0.288
741,  260.0,  0.286
742,  259.0,  0.333
743,  258.0,  0.346
744,  257.0,  0.333
745,  256.0,  0.288
746,  255.0,  0.314
747,  254.0,  0.288
748,  253.0,  0.301
749,  252.0,  0.230
750,  251.0,  0.312
751,  250.0,  0.301
752,  249.0,  0.204
753,  248.0,  0.204
754,  247.0,  0.255
755,  246.0,  0.204
756,  245.0,  0.204
757,  244.0,  0.231
758,  243.0,  0.327
759,  242.0,  0.231
760,  241.0,  0.327
761,  240.0,  0.255
762,  239.0,  0.255
763,  238.0,  0.255
764,  237.0,  0.255
765,  236.0,  0.255
766,  235.0,  0.255
767,  234.0,  0.376
768,  233.0,  0.279
769,  232.0,  0.255
770,  231.0,  0.279
771,  230.0,  0.279
772,  229.0,  0.325
773,  228.0,  0.421
774,  227.0,  0.325
775,  226.0,  0.301
776,  225.0,  0.301
777,  224.0,  0.255
778,  223.0,  0.376
779,  222.0,  0.325
780,  221.0,  0.316
781,  220.0,  0.352
782,  219.0,  0.303
783,  218.0,  0.327
784,  217.0,  0.340
785,  216.0,  0.276
786,  215.0,  0.301
787,  214.0,  0.315
788,  213.0,  0.315
789,  212.0,  0.289
790,  211.0,  0.288
791,  210.0,  0.196
792,  209.0,  0.273
793,  208.0,  0.275
794,  207.0,  0.179
795,  206.0,  0.179
796,  205.0,  0.286
797,  204.0,  0.185
798,  203.0,  0.133
799,  202.0,  0.243
800,  201.0,  0.245
801,  200.0,  0.228
802,  199.0,  0.271
803,  198.0,  0.185
804,  197.0,  0.208
805,  196.0,  0.200
806,  195.0,  0.262
807,  194.0,  0.136
808,  193.0,  0.182
809,  192.0,  0.186
810,  191.0,  0.207
811,  190.0,  0.112
