Measure Mode: ABSORB
StartWaveLength: 1000.0
EndWaveLength:  190.0
Step:   1nm
6,  995.0, -0.011
7,  994.0, -0.011
8,  993.0, -0.011
9,  992.0, -0.011
10,  991.0, -0.011
11,  990.0, -0.011
12,  989.0, -0.011
13,  988.0, -0.011
14,  987.0, -0.011
15,  986.0, -0.011
16,  985.0, -0.011
17,  984.0, -0.011
18,  983.0, -0.011
19,  982.0, -0.011
20,  981.0, -0.011
21,  980.0, -0.011
22,  979.0, -0.011
23,  978.0, -0.011
24,  977.0, -0.011
25,  976.0, -0.011
26,  975.0, -0.010
27,  974.0, -0.010
28,  973.0, -0.010
29,  972.0, -0.010
30,  971.0, -0.010
31,  970.0, -0.010
32,  969.0, -0.010
33,  968.0, -0.010
34,  967.0, -0.010
35,  966.0, -0.010
36,  965.0, -0.010
37,  964.0, -0.010
38,  963.0, -0.010
39,  962.0, -0.010
40,  961.0, -0.010
41,  960.0, -0.010
42,  959.0, -0.010
43,  958.0, -0.010
44,  957.0, -0.009
45,  956.0, -0.009
46,  955.0, -0.009
47,  954.0, -0.009
48,  953.0, -0.009
49,  952.0, -0.009
50,  951.0, -0.009
51,  950.0, -0.009
52,  949.0, -0.009
53,  948.0, -0.008
54,  947.0, -0.008
55,  946.0, -0.008
56,  945.0, -0.008
57,  944.0, -0.008
58,  943.0, -0.008
59,  942.0, -0.008
60,  941.0, -0.008
61,  940.0, -0.008
62,  939.0, -0.008
63,  938.0, -0.008
64,  937.0, -0.008
65,  936.0, -0.008
66,  935.0, -0.008
67,  934.0, -0.008
68,  933.0, -0.008
69,  932.0, -0.008
70,  931.0, -0.008
71,  930.0, -0.008
72,  929.0, -0.008
73,  928.0, -0.008
74,  927.0, -0.008
75,  926.0, -0.008
76,  925.0, -0.008
77,  924.0, -0.008
78,  923.0, -0.008
79,  922.0, -0.008
80,  921.0, -0.008
81,  920.0, -0.008
82,  919.0, -0.008
83,  918.0, -0.008
84,  917.0, -0.008
85,  916.0, -0.008
86,  915.0, -0.008
87,  914.0, -0.008
88,  913.0, -0.008
89,  912.0, -0.008
90,  911.0, -0.008
91,  910.0, -0.008
92,  909.0, -0.008
93,  908.0, -0.008
94,  907.0, -0.008
95,  906.0, -0.008
96,  905.0, -0.008
97,  904.0, -0.008
98,  903.0, -0.008
99,  902.0, -0.008
100,  901.0, -0.008
101,  900.0, -0.008
102,  899.0, -0.008
103,  898.0, -0.008
104,  897.0, -0.008
105,  896.0, -0.008
106,  895.0, -0.008
107,  894.0, -0.008
108,  893.0, -0.008
109,  892.0, -0.008
110,  891.0, -0.008
111,  890.0, -0.008
112,  889.0, -0.008
113,  888.0, -0.008
114,  887.0, -0.008
115,  886.0, -0.008
116,  885.0, -0.008
117,  884.0, -0.008
118,  883.0, -0.008
119,  882.0, -0.008
120,  881.0, -0.008
121,  880.0, -0.008
122,  879.0, -0.008
123,  878.0, -0.008
124,  877.0, -0.008
125,  876.0, -0.008
126,  875.0, -0.008
128,  873.0, -0.008
129,  872.0, -0.008
130,  871.0, -0.008
131,  870.0, -0.008
132,  869.0, -0.008
133,  868.0, -0.008
134,  867.0, -0.008
135,  866.0, -0.008
136,  865.0, -0.008
137,  864.0, -0.008
138,  863.0, -0.008
139,  862.0, -0.008
140,  861.0, -0.008
141,  860.0, -0.008
142,  859.0, -0.008
143,  858.0, -0.008
144,  857.0, -0.008
145,  856.0, -0.008
146,  855.0, -0.008
147,  854.0, -0.008
148,  853.0, -0.008
149,  852.0, -0.008
150,  851.0, -0.008
151,  850.0, -0.008
152,  849.0, -0.008
153,  848.0, -0.008
154,  847.0, -0.008
155,  846.0, -0.008
156,  845.0, -0.008
157,  844.0, -0.008
158,  843.0, -0.008
159,  842.0, -0.008
160,  841.0, -0.008
161,  840.0, -0.008
162,  839.0, -0.008
163,  838.0, -0.008
164,  837.0, -0.008
165,  836.0, -0.008
166,  835.0, -0.008
167,  834.0, -0.008
168,  833.0, -0.008
169,  832.0, -0.008
170,  831.0, -0.008
171,  830.0, -0.008
172,  829.0, -0.008
173,  828.0, -0.008
174,  827.0, -0.008
175,  826.0, -0.008
176,  825.0, -0.008
177,  824.0, -0.008
178,  823.0, -0.008
179,  822.0, -0.008
180,  821.0, -0.008
181,  820.0, -0.008
182,  819.0, -0.008
183,  818.0, -0.008
184,  817.0, -0.008
185,  816.0, -0.008
186,  815.0, -0.008
187,  814.0, -0.008
188,  813.0, -0.008
189,  812.0, -0.008
190,  811.0, -0.008
191,  810.0, -0.008
192,  809.0, -0.008
193,  808.0, -0.008
194,  807.0, -0.008
195,  806.0, -0.008
196,  805.0, -0.009
197,  804.0, -0.009
198,  803.0, -0.009
199,  802.0, -0.009
200,  801.0, -0.009
201,  800.0, -0.009
202,  799.0, -0.009
203,  798.0, -0.009
204,  797.0, -0.009
205,  796.0, -0.009
206,  795.0, -0.009
207,  794.0, -0.009
208,  793.0, -0.009
209,  792.0, -0.009
210,  791.0, -0.009
211,  790.0, -0.009
212,  789.0, -0.009
213,  788.0, -0.009
214,  787.0, -0.009
215,  786.0, -0.009
216,  785.0, -0.009
217,  784.0, -0.009
218,  783.0, -0.009
219,  782.0, -0.009
220,  781.0, -0.009
221,  780.0, -0.009
222,  779.0, -0.009
223,  778.0, -0.009
224,  777.0, -0.009
225,  776.0, -0.009
226,  775.0, -0.009
227,  774.0, -0.009
228,  773.0, -0.009
229,  772.0, -0.009
230,  771.0, -0.009
231,  770.0, -0.009
232,  769.0, -0.009
233,  768.0, -0.009
234,  767.0, -0.009
235,  766.0, -0.009
236,  765.0, -0.009
237,  764.0, -0.009
238,  763.0, -0.009
239,  762.0, -0.010
240,  761.0, -0.010
241,  760.0, -0.010
242,  759.0, -0.010
243,  758.0, -0.010
244,  757.0, -0.010
245,  756.0, -0.010
246,  755.0, -0.010
247,  754.0, -0.010
248,  753.0, -0.010
249,  752.0, -0.010
250,  751.0, -0.010
251,  750.0, -0.010
252,  749.0, -0.010
253,  748.0, -0.010
254,  747.0, -0.010
255,  746.0, -0.010
256,  745.0, -0.010
257,  744.0, -0.010
258,  743.0, -0.010
259,  742.0, -0.010
260,  741.0, -0.010
261,  740.0, -0.010
262,  739.0, -0.010
263,  738.0, -0.010
264,  737.0, -0.010
265,  736.0, -0.010
266,  735.0, -0.010
267,  734.0, -0.010
268,  733.0, -0.010
269,  732.0, -0.010
270,  731.0, -0.010
271,  730.0, -0.010
272,  729.0, -0.010
273,  728.0, -0.010
274,  727.0, -0.010
275,  726.0, -0.010
276,  725.0, -0.010
277,  724.0, -0.010
278,  723.0, -0.010
279,  722.0, -0.010
280,  721.0, -0.010
281,  720.0, -0.010
282,  719.0, -0.010
283,  718.0, -0.010
284,  717.0, -0.010
285,  716.0, -0.010
286,  715.0, -0.010
287,  714.0, -0.010
288,  713.0, -0.010
289,  712.0, -0.010
290,  711.0, -0.010
291,  710.0, -0.010
292,  709.0, -0.010
293,  708.0, -0.010
294,  707.0, -0.010
295,  706.0, -0.010
296,  705.0, -0.010
297,  704.0, -0.010
298,  703.0, -0.010
299,  702.0, -0.010
300,  701.0, -0.010
301,  700.0, -0.010
302,  699.0, -0.010
303,  698.0, -0.010
304,  697.0, -0.010
305,  696.0, -0.010
306,  695.0, -0.010
307,  694.0, -0.010
308,  693.0, -0.009
309,  692.0, -0.009
310,  691.0, -0.009
311,  690.0, -0.009
312,  689.0, -0.009
313,  688.0, -0.009
314,  687.0, -0.009
315,  686.0, -0.009
316,  685.0, -0.009
317,  684.0, -0.009
318,  683.0, -0.009
319,  682.0, -0.009
320,  681.0, -0.009
321,  680.0, -0.009
322,  679.0, -0.009
323,  678.0, -0.009
324,  677.0, -0.009
325,  676.0, -0.009
326,  675.0, -0.008
327,  674.0, -0.008
328,  673.0, -0.008
329,  672.0, -0.008
330,  671.0, -0.008
331,  670.0, -0.008
332,  669.0, -0.008
333,  668.0, -0.008
334,  667.0, -0.008
335,  666.0, -0.008
336,  665.0, -0.008
337,  664.0, -0.008
338,  663.0, -0.008
339,  662.0, -0.007
340,  661.0, -0.007
341,  660.0, -0.007
342,  659.0, -0.007
343,  658.0, -0.007
344,  657.0, -0.007
345,  656.0, -0.007
346,  655.0, -0.007
347,  654.0, -0.006
348,  653.0, -0.006
349,  652.0, -0.006
350,  651.0, -0.006
351,  650.0, -0.006
352,  649.0, -0.005
353,  648.0, -0.005
354,  647.0, -0.005
355,  646.0, -0.005
356,  645.0, -0.005
357,  644.0, -0.004
358,  643.0, -0.004
359,  642.0, -0.004
360,  641.0, -0.003
361,  640.0, -0.003
362,  639.0, -0.003
363,  638.0, -0.002
364,  637.0, -0.002
365,  636.0, -0.002
366,  635.0, -0.001
367,  634.0, -0.001
368,  633.0, -0.000
369,  632.0,  0.000
370,  631.0,  0.001
371,  630.0,  0.001
372,  629.0,  0.002
373,  628.0,  0.002
374,  627.0,  0.003
375,  626.0,  0.004
376,  625.0,  0.004
377,  624.0,  0.005
378,  623.0,  0.006
379,  622.0,  0.007
380,  621.0,  0.008
381,  620.0,  0.009
382,  619.0,  0.009
383,  618.0,  0.011
384,  617.0,  0.012
385,  616.0,  0.013
386,  615.0,  0.014
387,  614.0,  0.015
388,  613.0,  0.016
389,  612.0,  0.018
390,  611.0,  0.019
391,  610.0,  0.021
392,  609.0,  0.022
393,  608.0,  0.024
394,  607.0,  0.025
395,  606.0,  0.027
396,  605.0,  0.029
397,  604.0,  0.031
398,  603.0,  0.033
399,  602.0,  0.035
400,  601.0,  0.037
401,  600.0,  0.039
402,  599.0,  0.041
403,  598.0,  0.043
404,  597.0,  0.046
405,  596.0,  0.048
406,  595.0,  0.051
407,  594.0,  0.053
408,  593.0,  0.056
409,  592.0,  0.059
410,  591.0,  0.062
411,  590.0,  0.065
412,  589.0,  0.068
413,  588.0,  0.071
414,  587.0,  0.074
415,  586.0,  0.077
416,  585.0,  0.080
417,  584.0,  0.084
418,  583.0,  0.088
419,  582.0,  0.091
420,  581.0,  0.095
421,  580.0,  0.098
422,  579.0,  0.102
423,  578.0,  0.106
424,  577.0,  0.110
425,  576.0,  0.113
426,  575.0,  0.117
427,  574.0,  0.121
428,  573.0,  0.125
429,  572.0,  0.129
430,  571.0,  0.133
431,  570.0,  0.137
432,  569.0,  0.141
433,  568.0,  0.145
434,  567.0,  0.149
435,  566.0,  0.153
436,  565.0,  0.157
437,  564.0,  0.161
438,  563.0,  0.165
439,  562.0,  0.169
440,  561.0,  0.172
441,  560.0,  0.176
442,  559.0,  0.180
443,  558.0,  0.184
444,  557.0,  0.188
445,  556.0,  0.192
446,  555.0,  0.195
447,  554.0,  0.199
448,  553.0,  0.202
449,  552.0,  0.206
450,  551.0,  0.209
451,  550.0,  0.212
452,  549.0,  0.215
453,  548.0,  0.218
454,  547.0,  0.221
455,  546.0,  0.224
456,  545.0,  0.227
457,  544.0,  0.230
458,  543.0,  0.232
459,  542.0,  0.235
460,  541.0,  0.237
461,  540.0,  0.239
462,  539.0,  0.241
463,  538.0,  0.243
464,  537.0,  0.245
465,  536.0,  0.247
466,  535.0,  0.249
467,  534.0,  0.250
468,  533.0,  0.252
469,  532.0,  0.253
470,  531.0,  0.254
471,  530.0,  0.255
472,  529.0,  0.256
473,  528.0,  0.257
474,  527.0,  0.258
475,  526.0,  0.258
476,  525.0,  0.259
477,  524.0,  0.259
478,  523.0,  0.259
479,  522.0,  0.260
480,  521.0,  0.260
481,  520.0,  0.260
482,  519.0,  0.260
483,  518.0,  0.259
484,  517.0,  0.259
485,  516.0,  0.259
486,  515.0,  0.258
487,  514.0,  0.258
488,  513.0,  0.257
489,  512.0,  0.257
490,  511.0,  0.256
491,  510.0,  0.255
492,  509.0,  0.254
493,  508.0,  0.254
494,  507.0,  0.253
495,  506.0,  0.252
496,  505.0,  0.250
497,  504.0,  0.249
498,  503.0,  0.248
499,  502.0,  0.247
500,  501.0,  0.246
501,  500.0,  0.244
502,  499.0,  0.243
503,  498.0,  0.242
504,  497.0,  0.240
505,  496.0,  0.239
506,  495.0,  0.237
507,  494.0,  0.236
508,  493.0,  0.234
509,  492.0,  0.233
510,  491.0,  0.231
511,  490.0,  0.230
512,  489.0,  0.228
513,  488.0,  0.226
514,  487.0,  0.224
515,  486.0,  0.223
516,  485.0,  0.221
517,  484.0,  0.219
518,  483.0,  0.217
519,  482.0,  0.215
520,  481.0,  0.213
521,  480.0,  0.211
522,  479.0,  0.209
523,  478.0,  0.207
524,  477.0,  0.205
525,  476.0,  0.202
526,  475.0,  0.200
527,  474.0,  0.198
528,  473.0,  0.195
529,  472.0,  0.193
530,  471.0,  0.190
531,  470.0,  0.188
532,  469.0,  0.185
533,  468.0,  0.183
534,  467.0,  0.180
535,  466.0,  0.177
536,  465.0,  0.175
537,  464.0,  0.172
538,  463.0,  0.169
539,  462.0,  0.166
540,  461.0,  0.163
541,  460.0,  0.160
542,  459.0,  0.157
543,  458.0,  0.154
544,  457.0,  0.151
545,  456.0,  0.148
546,  455.0,  0.145
547,  454.0,  0.142
548,  453.0,  0.138
549,  452.0,  0.135
550,  451.0,  0.132
551,  450.0,  0.129
552,  449.0,  0.126
553,  448.0,  0.122
554,  447.0,  0.119
555,  446.0,  0.116
556,  445.0,  0.113
557,  444.0,  0.110
558,  443.0,  0.107
559,  442.0,  0.104
560,  441.0,  0.101
561,  440.0,  0.098
562,  439.0,  0.095
563,  438.0,  0.092
564,  437.0,  0.089
565,  436.0,  0.087
566,  435.0,  0.084
567,  434.0,  0.081
568,  433.0,  0.079
569,  432.0,  0.077
570,  431.0,  0.074
571,  430.0,  0.072
572,  429.0,  0.070
573,  428.0,  0.068
574,  427.0,  0.066
575,  426.0,  0.064
576,  425.0,  0.063
577,  424.0,  0.061
578,  423.0,  0.060
579,  422.0,  0.058
580,  421.0,  0.057
581,  420.0,  0.056
582,  419.0,  0.055
583,  418.0,  0.055
584,  417.0,  0.054
585,  416.0,  0.054
586,  415.0,  0.054
587,  414.0,  0.054
588,  413.0,  0.054
589,  412.0,  0.054
590,  411.0,  0.055
591,  410.0,  0.056
592,  409.0,  0.057
593,  408.0,  0.058
594,  407.0,  0.060
595,  406.0,  0.061
596,  405.0,  0.063
597,  404.0,  0.066
598,  403.0,  0.068
599,  402.0,  0.071
600,  401.0,  0.074
601,  400.0,  0.077
602,  399.0,  0.081
603,  398.0,  0.084
604,  397.0,  0.088
605,  396.0,  0.092
606,  395.0,  0.096
607,  394.0,  0.101
608,  393.0,  0.105
610,  391.0,  0.115
611,  390.0,  0.121
612,  389.0,  0.126
613,  388.0,  0.132
614,  387.0,  0.137
615,  386.0,  0.143
616,  385.0,  0.149
617,  384.0,  0.154
618,  383.0,  0.160
619,  382.0,  0.166
620,  381.0,  0.172
621,  380.0,  0.178
622,  379.0,  0.184
623,  378.0,  0.189
624,  377.0,  0.195
625,  376.0,  0.201
626,  375.0,  0.207
627,  374.0,  0.212
628,  373.0,  0.217
629,  372.0,  0.222
630,  371.0,  0.226
631,  370.0,  0.231
632,  369.0,  0.233
633,  368.0,  0.237
634,  367.0,  0.240
635,  366.0,  0.244
636,  365.0,  0.246
637,  364.0,  0.248
638,  363.0,  0.250
639,  362.0,  0.252
640,  361.0,  0.253
641,  360.0,  0.253
642,  359.0,  0.253
643,  358.0,  0.253
644,  357.0,  0.253
645,  356.0,  0.252
646,  355.0,  0.250
647,  354.0,  0.248
648,  353.0,  0.246
649,  352.0,  0.243
650,  351.0,  0.240
651,  350.0,  0.236
652,  349.0,  0.232
653,  348.0,  0.228
654,  347.0,  0.224
655,  346.0,  0.219
656,  345.0,  0.213
657,  344.0,  0.208
658,  343.0,  0.203
659,  342.0,  0.197
660,  341.0,  0.190
661,  340.0,  0.184
662,  339.0,  0.172
663,  338.0,  0.165
664,  337.0,  0.158
665,  336.0,  0.151
666,  335.0,  0.143
667,  334.0,  0.135
668,  333.0,  0.127
669,  332.0,  0.118
670,  331.0,  0.109
671,  330.0,  0.101
672,  329.0,  0.092
673,  328.0,  0.082
674,  327.0,  0.073
675,  326.0,  0.064
676,  325.0,  0.054
677,  324.0,  0.044
678,  323.0,  0.035
679,  322.0,  0.024
680,  321.0,  0.013
681,  320.0,  0.003
682,  319.0, -0.005
683,  318.0, -0.015
684,  317.0, -0.024
685,  316.0, -0.030
686,  315.0, -0.037
687,  314.0, -0.045
688,  313.0, -0.046
689,  312.0, -0.053
690,  311.0, -0.056
691,  310.0, -0.045
692,  309.0, -0.052
693,  308.0, -0.062
694,  307.0, -0.065
695,  306.0, -0.052
696,  305.0, -0.058
697,  304.0, -0.044
698,  303.0, -0.051
699,  302.0,  0.011
700,  301.0,  0.022
701,  300.0, -0.010
702,  299.0, -0.021
703,  298.0, -0.037
704,  297.0,  0.011
705,  296.0, -0.025
706,  295.0, -0.038
707,  294.0, -0.050
708,  293.0, -0.030
709,  292.0, -0.097
710,  291.0,  0.047
711,  290.0, -0.059
712,  289.0, -0.032
713,  288.0, -0.084
714,  287.0, -0.033
715,  286.0, -0.007
716,  285.0, -0.090
717,  284.0, -0.049
718,  283.0, -0.017
719,  282.0, -0.004
720,  281.0, -0.004
721,  280.0,  0.058
722,  279.0,  0.093
723,  278.0,  0.093
724,  277.0,  0.123
725,  276.0,  0.152
726,  275.0,  0.230
727,  274.0,  0.126
728,  273.0,  0.197
729,  272.0,  0.173
730,  271.0,  0.378
732,  269.0,  0.314
733,  268.0,  0.301
734,  267.0,  0.382
735,  266.0,  0.293
736,  265.0,  0.411
737,  264.0,  0.437
738,  263.0,  0.385
739,  262.0,  0.423
740,  261.0,  0.384
741,  260.0,  0.369
742,  259.0,  0.371
743,  258.0,  0.384
744,  257.0,  0.371
745,  256.0,  0.359
746,  255.0,  0.452
747,  254.0,  0.384
748,  253.0,  0.359
749,  252.0,  0.327
750,  251.0,  0.394
751,  250.0,  0.326
752,  249.0,  0.326
753,  248.0,  0.326
754,  247.0,  0.377
755,  246.0,  0.326
756,  245.0,  0.326
757,  244.0,  0.376
758,  243.0,  0.376
759,  242.0,  0.376
760,  241.0,  0.376
761,  240.0,  0.279
762,  239.0,  0.376
763,  238.0,  0.376
764,  237.0,  0.376
765,  236.0,  0.376
766,  235.0,  0.376
767,  234.0,  0.398
768,  233.0,  0.376
769,  232.0,  0.376
770,  231.0,  0.376
771,  230.0,  0.376
772,  229.0,  0.421
773,  228.0,  0.444
774,  227.0,  0.444
775,  226.0,  0.421
776,  225.0,  0.421
777,  224.0,  0.376
778,  223.0,  0.547
779,  222.0,  0.547
780,  221.0,  0.374
781,  220.0,  0.524
782,  219.0,  0.487
783,  218.0,  0.555
784,  217.0,  0.489
785,  216.0,  0.405
786,  215.0,  0.462
787,  214.0,  0.398
788,  213.0,  0.579
789,  212.0,  0.438
790,  211.0,  0.450
791,  210.0,  0.410
792,  209.0,  0.423
793,  208.0,  0.371
794,  207.0,  0.404
795,  206.0,  0.460
796,  205.0,  0.424
797,  204.0,  0.348
798,  203.0,  0.340
799,  202.0,  0.467
800,  201.0,  0.454
801,  200.0,  0.497
802,  199.0,  0.354
803,  198.0,  0.395
804,  197.0,  0.405
805,  196.0,  0.458
806,  195.0,  0.444
807,  194.0,  0.448
808,  193.0,  0.379
809,  192.0,  0.366
810,  191.0,  0.410
811,  190.0,  0.316
