Measure Mode: ABSORB
StartWaveLength: 1000.0
EndWaveLength:  190.0
Step:   1nm
ID, WaveLength, VALUE
1, 1000.0, -0.012
2,  999.0, -0.012
3,  998.0, -0.012
4,  997.0, -0.013
5,  996.0, -0.013
6,  995.0, -0.013
7,  994.0, -0.013
8,  993.0, -0.013
9,  992.0, -0.013
10,  991.0, -0.013
11,  990.0, -0.013
12,  989.0, -0.013
13,  988.0, -0.013
14,  987.0, -0.013
15,  986.0, -0.013
16,  985.0, -0.013
17,  984.0, -0.013
18,  983.0, -0.013
19,  982.0, -0.013
20,  981.0, -0.014
21,  980.0, -0.014
22,  979.0, -0.014
23,  978.0, -0.014
24,  977.0, -0.014
25,  976.0, -0.014
26,  975.0, -0.014
27,  974.0, -0.014
28,  973.0, -0.014
29,  972.0, -0.014
30,  971.0, -0.014
31,  970.0, -0.014
32,  969.0, -0.014
33,  968.0, -0.014
34,  967.0, -0.014
35,  966.0, -0.014
36,  965.0, -0.014
37,  964.0, -0.014
38,  963.0, -0.014
39,  962.0, -0.013
40,  961.0, -0.013
41,  960.0, -0.013
42,  959.0, -0.013
43,  958.0, -0.013
44,  957.0, -0.013
45,  956.0, -0.013
46,  955.0, -0.013
47,  954.0, -0.013
48,  953.0, -0.012
49,  952.0, -0.012
50,  951.0, -0.012
51,  950.0, -0.012
52,  949.0, -0.012
53,  948.0, -0.012
54,  947.0, -0.011
55,  946.0, -0.011
57,  944.0, -0.011
58,  943.0, -0.011
59,  942.0, -0.011
60,  941.0, -0.011
61,  940.0, -0.011
62,  939.0, -0.011
63,  938.0, -0.011
64,  937.0, -0.011
65,  936.0, -0.011
66,  935.0, -0.011
67,  934.0, -0.011
68,  933.0, -0.011
69,  932.0, -0.011
70,  931.0, -0.011
71,  930.0, -0.011
72,  929.0, -0.010
73,  928.0, -0.010
74,  927.0, -0.010
75,  926.0, -0.010
76,  925.0, -0.010
77,  924.0, -0.010
78,  923.0, -0.010
79,  922.0, -0.010
80,  921.0, -0.010
81,  920.0, -0.010
82,  919.0, -0.010
83,  918.0, -0.010
84,  917.0, -0.010
85,  916.0, -0.010
86,  915.0, -0.010
87,  914.0, -0.010
88,  913.0, -0.010
89,  912.0, -0.010
90,  911.0, -0.010
91,  910.0, -0.010
92,  909.0, -0.010
93,  908.0, -0.010
94,  907.0, -0.010
95,  906.0, -0.010
96,  905.0, -0.010
97,  904.0, -0.010
98,  903.0, -0.009
99,  902.0, -0.009
100,  901.0, -0.009
101,  900.0, -0.009
102,  899.0, -0.009
103,  898.0, -0.009
104,  897.0, -0.009
105,  896.0, -0.009
106,  895.0, -0.009
107,  894.0, -0.009
108,  893.0, -0.009
109,  892.0, -0.009
110,  891.0, -0.009
111,  890.0, -0.009
112,  889.0, -0.009
113,  888.0, -0.009
114,  887.0, -0.009
115,  886.0, -0.009
116,  885.0, -0.009
117,  884.0, -0.009
118,  883.0, -0.009
119,  882.0, -0.009
120,  881.0, -0.009
121,  880.0, -0.009
122,  879.0, -0.009
123,  878.0, -0.009
124,  877.0, -0.009
125,  876.0, -0.009
126,  875.0, -0.009
127,  874.0, -0.009
128,  873.0, -0.009
129,  872.0, -0.009
130,  871.0, -0.010
131,  870.0, -0.009
132,  869.0, -0.009
133,  868.0, -0.009
134,  867.0, -0.009
135,  866.0, -0.010
136,  865.0, -0.010
137,  864.0, -0.010
138,  863.0, -0.010
139,  862.0, -0.010
140,  861.0, -0.010
141,  860.0, -0.010
142,  859.0, -0.010
143,  858.0, -0.010
144,  857.0, -0.010
145,  856.0, -0.010
146,  855.0, -0.010
147,  854.0, -0.010
148,  853.0, -0.010
149,  852.0, -0.010
150,  851.0, -0.010
151,  850.0, -0.010
152,  849.0, -0.010
153,  848.0, -0.010
154,  847.0, -0.010
155,  846.0, -0.010
156,  845.0, -0.010
157,  844.0, -0.010
158,  843.0, -0.010
159,  842.0, -0.010
160,  841.0, -0.010
161,  840.0, -0.010
162,  839.0, -0.010
163,  838.0, -0.010
164,  837.0, -0.010
165,  836.0, -0.010
166,  835.0, -0.010
167,  834.0, -0.010
168,  833.0, -0.010
169,  832.0, -0.010
170,  831.0, -0.010
171,  830.0, -0.010
172,  829.0, -0.010
173,  828.0, -0.010
174,  827.0, -0.010
175,  826.0, -0.010
176,  825.0, -0.010
178,  823.0, -0.010
179,  822.0, -0.010
180,  821.0, -0.010
181,  820.0, -0.010
182,  819.0, -0.010
183,  818.0, -0.010
184,  817.0, -0.010
185,  816.0, -0.010
186,  815.0, -0.010
187,  814.0, -0.010
188,  813.0, -0.010
189,  812.0, -0.010
190,  811.0, -0.010
191,  810.0, -0.010
192,  809.0, -0.010
193,  808.0, -0.010
194,  807.0, -0.010
195,  806.0, -0.010
196,  805.0, -0.010
197,  804.0, -0.010
198,  803.0, -0.011
199,  802.0, -0.011
200,  801.0, -0.011
201,  800.0, -0.011
202,  799.0, -0.011
203,  798.0, -0.011
204,  797.0, -0.011
205,  796.0, -0.011
206,  795.0, -0.011
207,  794.0, -0.011
208,  793.0, -0.011
209,  792.0, -0.011
210,  791.0, -0.011
211,  790.0, -0.011
212,  789.0, -0.011
213,  788.0, -0.011
214,  787.0, -0.011
215,  786.0, -0.011
216,  785.0, -0.011
217,  784.0, -0.011
218,  783.0, -0.011
219,  782.0, -0.011
220,  781.0, -0.011
221,  780.0, -0.011
222,  779.0, -0.011
223,  778.0, -0.011
224,  777.0, -0.011
225,  776.0, -0.011
226,  775.0, -0.011
227,  774.0, -0.011
228,  773.0, -0.011
229,  772.0, -0.011
230,  771.0, -0.011
231,  770.0, -0.011
232,  769.0, -0.011
233,  768.0, -0.011
234,  767.0, -0.011
235,  766.0, -0.011
236,  765.0, -0.011
237,  764.0, -0.011
238,  763.0, -0.011
239,  762.0, -0.011
240,  761.0, -0.011
241,  760.0, -0.011
242,  759.0, -0.011
243,  758.0, -0.011
244,  757.0, -0.011
245,  756.0, -0.011
246,  755.0, -0.011
247,  754.0, -0.011
248,  753.0, -0.011
249,  752.0, -0.011
250,  751.0, -0.011
251,  750.0, -0.011
252,  749.0, -0.011
253,  748.0, -0.011
254,  747.0, -0.011
255,  746.0, -0.011
256,  745.0, -0.011
257,  744.0, -0.011
258,  743.0, -0.011
259,  742.0, -0.011
261,  740.0, -0.011
262,  739.0, -0.011
263,  738.0, -0.011
264,  737.0, -0.011
265,  736.0, -0.011
266,  735.0, -0.011
267,  734.0, -0.011
268,  733.0, -0.011
269,  732.0, -0.011
270,  731.0, -0.011
271,  730.0, -0.011
272,  729.0, -0.011
273,  728.0, -0.011
274,  727.0, -0.011
275,  726.0, -0.011
276,  725.0, -0.011
277,  724.0, -0.011
278,  723.0, -0.011
279,  722.0, -0.011
280,  721.0, -0.011
281,  720.0, -0.011
282,  719.0, -0.011
283,  718.0, -0.011
284,  717.0, -0.011
285,  716.0, -0.011
286,  715.0, -0.011
287,  714.0, -0.011
288,  713.0, -0.011
289,  712.0, -0.011
290,  711.0, -0.011
291,  710.0, -0.011
292,  709.0, -0.011
293,  708.0, -0.011
294,  707.0, -0.010
295,  706.0, -0.010
296,  705.0, -0.010
297,  704.0, -0.010
298,  703.0, -0.010
299,  702.0, -0.010
300,  701.0, -0.010
301,  700.0, -0.010
302,  699.0, -0.010
303,  698.0, -0.010
304,  697.0, -0.010
305,  696.0, -0.010
306,  695.0, -0.010
307,  694.0, -0.010
308,  693.0, -0.010
309,  692.0, -0.010
310,  691.0, -0.010
311,  690.0, -0.010
312,  689.0, -0.010
313,  688.0, -0.010
314,  687.0, -0.010
315,  686.0, -0.009
316,  685.0, -0.009
317,  684.0, -0.009
318,  683.0, -0.009
319,  682.0, -0.009
320,  681.0, -0.009
321,  680.0, -0.009
322,  679.0, -0.009
323,  678.0, -0.009
324,  677.0, -0.009
325,  676.0, -0.009
326,  675.0, -0.009
327,  674.0, -0.009
328,  673.0, -0.009
329,  672.0, -0.009
330,  671.0, -0.009
331,  670.0, -0.009
332,  669.0, -0.009
333,  668.0, -0.009
334,  667.0, -0.008
335,  666.0, -0.008
336,  665.0, -0.008
337,  664.0, -0.008
338,  663.0, -0.008
339,  662.0, -0.008
340,  661.0, -0.008
341,  660.0, -0.008
342,  659.0, -0.008
343,  658.0, -0.008
350,  651.0, -0.006
351,  650.0, -0.006
352,  649.0, -0.006
353,  648.0, -0.006
354,  647.0, -0.006
355,  646.0, -0.006
356,  645.0, -0.005
357,  644.0, -0.005
358,  643.0, -0.005
359,  642.0, -0.004
360,  641.0, -0.004
361,  640.0, -0.004
362,  639.0, -0.004
363,  638.0, -0.003
364,  637.0, -0.003
365,  636.0, -0.003
366,  635.0, -0.002
367,  634.0, -0.002
368,  633.0, -0.001
369,  632.0, -0.001
370,  631.0, -0.000
371,  630.0,  0.000
372,  629.0,  0.001
373,  628.0,  0.001
374,  627.0,  0.002
375,  626.0,  0.003
376,  625.0,  0.003
377,  624.0,  0.004
378,  623.0,  0.005
379,  622.0,  0.005
380,  621.0,  0.006
381,  620.0,  0.007
382,  619.0,  0.008
383,  618.0,  0.009
384,  617.0,  0.010
385,  616.0,  0.011
386,  615.0,  0.012
387,  614.0,  0.014
388,  613.0,  0.015
389,  612.0,  0.016
390,  611.0,  0.017
391,  610.0,  0.019
392,  609.0,  0.020
393,  608.0,  0.022
394,  607.0,  0.023
395,  606.0,  0.025
396,  605.0,  0.027
397,  604.0,  0.029
398,  603.0,  0.030
399,  602.0,  0.032
400,  601.0,  0.035
401,  600.0,  0.037
402,  599.0,  0.039
403,  598.0,  0.041
404,  597.0,  0.043
405,  596.0,  0.045
406,  595.0,  0.048
407,  594.0,  0.051
408,  593.0,  0.053
409,  592.0,  0.056
410,  591.0,  0.059
411,  590.0,  0.062
412,  589.0,  0.065
413,  588.0,  0.068
414,  587.0,  0.071
415,  586.0,  0.074
416,  585.0,  0.077
417,  584.0,  0.081
418,  583.0,  0.084
419,  582.0,  0.087
420,  581.0,  0.091
421,  580.0,  0.094
422,  579.0,  0.098
423,  578.0,  0.102
424,  577.0,  0.105
425,  576.0,  0.109
426,  575.0,  0.113
427,  574.0,  0.116
428,  573.0,  0.120
429,  572.0,  0.124
430,  571.0,  0.128
431,  570.0,  0.132
432,  569.0,  0.136
433,  568.0,  0.140
434,  567.0,  0.144
435,  566.0,  0.148
436,  565.0,  0.151
437,  564.0,  0.155
438,  563.0,  0.159
439,  562.0,  0.163
440,  561.0,  0.167
441,  560.0,  0.170
442,  559.0,  0.174
443,  558.0,  0.178
444,  557.0,  0.181
445,  556.0,  0.185
446,  555.0,  0.189
447,  554.0,  0.192
448,  553.0,  0.195
449,  552.0,  0.199
450,  551.0,  0.202
451,  550.0,  0.205
452,  549.0,  0.208
453,  548.0,  0.211
454,  547.0,  0.213
455,  546.0,  0.216
456,  545.0,  0.219
457,  544.0,  0.221
458,  543.0,  0.224
459,  542.0,  0.226
460,  541.0,  0.228
461,  540.0,  0.230
462,  539.0,  0.232
463,  538.0,  0.234
464,  537.0,  0.236
465,  536.0,  0.237
466,  535.0,  0.239
467,  534.0,  0.240
468,  533.0,  0.242
469,  532.0,  0.243
471,  530.0,  0.245
472,  529.0,  0.245
473,  528.0,  0.246
474,  527.0,  0.247
475,  526.0,  0.247
476,  525.0,  0.247
477,  524.0,  0.248
478,  523.0,  0.248
479,  522.0,  0.248
480,  521.0,  0.248
481,  520.0,  0.248
482,  519.0,  0.248
483,  518.0,  0.247
484,  517.0,  0.247
485,  516.0,  0.246
486,  515.0,  0.246
487,  514.0,  0.245
488,  513.0,  0.244
489,  512.0,  0.244
490,  511.0,  0.243
491,  510.0,  0.242
492,  509.0,  0.241
493,  508.0,  0.240
494,  507.0,  0.239
495,  506.0,  0.238
496,  505.0,  0.237
497,  504.0,  0.236
498,  503.0,  0.234
499,  502.0,  0.233
500,  501.0,  0.232
501,  500.0,  0.230
502,  499.0,  0.229
503,  498.0,  0.228
504,  497.0,  0.226
505,  496.0,  0.225
506,  495.0,  0.223
507,  494.0,  0.222
508,  493.0,  0.220
509,  492.0,  0.219
510,  491.0,  0.217
511,  490.0,  0.215
512,  489.0,  0.214
513,  488.0,  0.212
514,  487.0,  0.210
515,  486.0,  0.208
516,  485.0,  0.207
517,  484.0,  0.205
518,  483.0,  0.203
519,  482.0,  0.201
520,  481.0,  0.199
521,  480.0,  0.197
522,  479.0,  0.195
523,  478.0,  0.193
524,  477.0,  0.191
525,  476.0,  0.188
526,  475.0,  0.186
527,  474.0,  0.184
528,  473.0,  0.182
529,  472.0,  0.179
530,  471.0,  0.177
531,  470.0,  0.174
532,  469.0,  0.172
533,  468.0,  0.169
534,  467.0,  0.167
535,  466.0,  0.164
536,  465.0,  0.161
537,  464.0,  0.159
538,  463.0,  0.156
539,  462.0,  0.153
540,  461.0,  0.150
541,  460.0,  0.147
542,  459.0,  0.144
543,  458.0,  0.141
544,  457.0,  0.138
545,  456.0,  0.135
546,  455.0,  0.132
547,  454.0,  0.130
548,  453.0,  0.126
549,  452.0,  0.123
550,  451.0,  0.120
551,  450.0,  0.117
552,  449.0,  0.114
553,  448.0,  0.111
554,  447.0,  0.108
555,  446.0,  0.105
556,  445.0,  0.102
557,  444.0,  0.099
558,  443.0,  0.096
559,  442.0,  0.093
560,  441.0,  0.090
561,  440.0,  0.087
562,  439.0,  0.084
563,  438.0,  0.082
564,  437.0,  0.079
565,  436.0,  0.076
566,  435.0,  0.074
567,  434.0,  0.072
568,  433.0,  0.069
569,  432.0,  0.067
570,  431.0,  0.065
571,  430.0,  0.063
572,  429.0,  0.061
573,  428.0,  0.059
574,  427.0,  0.057
575,  426.0,  0.055
576,  425.0,  0.053
577,  424.0,  0.052
578,  423.0,  0.051
579,  422.0,  0.049
580,  421.0,  0.048
581,  420.0,  0.047
582,  419.0,  0.047
583,  418.0,  0.046
584,  417.0,  0.045
585,  416.0,  0.045
586,  415.0,  0.045
587,  414.0,  0.045
588,  413.0,  0.045
589,  412.0,  0.046
590,  411.0,  0.047
591,  410.0,  0.047
592,  409.0,  0.049
593,  408.0,  0.050
594,  407.0,  0.051
595,  406.0,  0.053
596,  405.0,  0.055
597,  404.0,  0.057
598,  403.0,  0.060
599,  402.0,  0.063
600,  401.0,  0.066
601,  400.0,  0.069
602,  399.0,  0.072
603,  398.0,  0.076
604,  397.0,  0.080
605,  396.0,  0.083
606,  395.0,  0.088
607,  394.0,  0.092
608,  393.0,  0.097
609,  392.0,  0.102
610,  391.0,  0.107
611,  390.0,  0.112
612,  389.0,  0.117
613,  388.0,  0.122
614,  387.0,  0.128
615,  386.0,  0.134
616,  385.0,  0.139
617,  384.0,  0.145
618,  383.0,  0.150
619,  382.0,  0.156
620,  381.0,  0.161
621,  380.0,  0.167
622,  379.0,  0.173
623,  378.0,  0.179
624,  377.0,  0.184
625,  376.0,  0.190
626,  375.0,  0.195
627,  374.0,  0.201
628,  373.0,  0.206
629,  372.0,  0.210
630,  371.0,  0.214
631,  370.0,  0.218
632,  369.0,  0.222
633,  368.0,  0.225
634,  367.0,  0.228
635,  366.0,  0.231
636,  365.0,  0.234
637,  364.0,  0.236
638,  363.0,  0.237
639,  362.0,  0.239
640,  361.0,  0.239
641,  360.0,  0.239
642,  359.0,  0.239
643,  358.0,  0.239
644,  357.0,  0.238
645,  356.0,  0.237
646,  355.0,  0.235
647,  354.0,  0.233
648,  353.0,  0.230
649,  352.0,  0.227
650,  351.0,  0.224
651,  350.0,  0.220
652,  349.0,  0.217
653,  348.0,  0.212
654,  347.0,  0.208
655,  346.0,  0.203
656,  345.0,  0.197
657,  344.0,  0.191
658,  343.0,  0.185
659,  342.0,  0.179
660,  341.0,  0.173
661,  340.0,  0.166
662,  339.0,  0.154
663,  338.0,  0.147
664,  337.0,  0.139
665,  336.0,  0.131
666,  335.0,  0.123
667,  334.0,  0.114
668,  333.0,  0.105
669,  332.0,  0.096
670,  331.0,  0.086
671,  330.0,  0.075
672,  329.0,  0.065
673,  328.0,  0.054
674,  327.0,  0.043
675,  326.0,  0.030
676,  325.0,  0.019
677,  324.0,  0.006
678,  323.0, -0.006
679,  322.0, -0.018
680,  321.0, -0.031
681,  320.0, -0.044
682,  319.0, -0.056
683,  318.0, -0.070
684,  317.0, -0.076
685,  316.0, -0.088
686,  315.0, -0.097
687,  314.0, -0.104
688,  313.0, -0.112
689,  312.0, -0.109
690,  311.0, -0.120
691,  310.0, -0.117
692,  309.0, -0.106
693,  308.0, -0.109
694,  307.0, -0.111
695,  306.0, -0.126
696,  305.0, -0.100
697,  304.0, -0.087
698,  303.0, -0.105
699,  302.0, -0.059
700,  301.0, -0.071
701,  300.0, -0.075
702,  299.0, -0.095
703,  298.0, -0.108
704,  297.0, -0.096
705,  296.0, -0.112
706,  295.0, -0.070
707,  294.0, -0.081
708,  293.0, -0.113
709,  292.0, -0.152
710,  291.0, -0.086
711,  290.0, -0.155
712,  289.0, -0.095
713,  288.0, -0.142
714,  287.0, -0.094
715,  286.0, -0.081
716,  285.0, -0.102
717,  284.0, -0.116
718,  283.0, -0.046
719,  282.0, -0.033
720,  281.0,  0.008
721,  280.0, -0.017
722,  279.0,  0.026
723,  278.0,  0.083
724,  277.0,  0.088
725,  276.0,  0.060
726,  275.0,  0.143
727,  274.0,  0.073
728,  273.0,  0.140
729,  272.0,  0.236
730,  271.0,  0.320
731,  270.0,  0.281
732,  269.0,  0.338
733,  268.0,  0.313
734,  267.0,  0.382
735,  266.0,  0.348
736,  265.0,  0.310
737,  264.0,  0.324
738,  263.0,  0.397
739,  262.0,  0.310
740,  261.0,  0.396
741,  260.0,  0.392
742,  259.0,  0.325
743,  258.0,  0.451
744,  257.0,  0.313
745,  256.0,  0.275
746,  255.0,  0.351
747,  254.0,  0.338
748,  253.0,  0.313
749,  252.0,  0.269
750,  251.0,  0.406
751,  250.0,  0.326
752,  249.0,  0.229
753,  248.0,  0.229
754,  247.0,  0.304
755,  246.0,  0.252
756,  245.0,  0.326
757,  244.0,  0.376
758,  243.0,  0.255
759,  242.0,  0.376
760,  241.0,  0.279
761,  240.0,  0.376
762,  239.0,  0.376
763,  238.0,  0.398
764,  237.0,  0.279
765,  236.0,  0.279
766,  235.0,  0.279
767,  234.0,  0.398
768,  233.0,  0.398
769,  232.0,  0.301
770,  231.0,  0.376
771,  230.0,  0.398
772,  229.0,  0.325
773,  228.0,  0.325
774,  227.0,  0.347
775,  226.0,  0.347
776,  225.0,  0.347
777,  224.0,  0.376
778,  223.0,  0.557
779,  222.0,  0.469
780,  221.0,  0.397
781,  220.0,  0.468
782,  219.0,  0.420
783,  218.0,  0.420
784,  217.0,  0.376
785,  216.0,  0.450
786,  215.0,  0.395
787,  214.0,  0.410
788,  213.0,  0.410
789,  212.0,  0.371
790,  211.0,  0.383
791,  210.0,  0.331
792,  209.0,  0.344
793,  208.0,  0.325
794,  207.0,  0.301
795,  206.0,  0.393
796,  205.0,  0.357
797,  204.0,  0.294
798,  203.0,  0.310
799,  202.0,  0.401
800,  201.0,  0.306
801,  200.0,  0.364
802,  199.0,  0.428
803,  198.0,  0.384
804,  197.0,  0.265
805,  196.0,  0.259
806,  195.0,  0.361
807,  194.0,  0.275
808,  193.0,  0.328
809,  192.0,  0.374
810,  191.0,  0.211
811,  190.0,  0.303
