Measure Mode: ABSORB
StartWaveLength: 1000.0
EndWaveLength:  190.0
Step:   1nm
ID, WaveLength, VALUE
1, 1000.0,  0.104
2,  999.0,  0.105
3,  998.0,  0.103
4,  997.0,  0.098
5,  996.0,  0.096
6,  995.0,  0.093
7,  994.0,  0.089
8,  993.0,  0.088
9,  992.0,  0.086
10,  991.0,  0.083
11,  990.0,  0.083
12,  989.0,  0.083
13,  988.0,  0.082
14,  987.0,  0.081
15,  986.0,  0.080
16,  985.0,  0.078
17,  984.0,  0.075
18,  983.0,  0.073
19,  982.0,  0.070
20,  981.0,  0.069
21,  980.0,  0.069
22,  979.0,  0.068
23,  978.0,  0.068
24,  977.0,  0.070
25,  976.0,  0.069
26,  975.0,  0.070
27,  974.0,  0.072
28,  973.0,  0.068
29,  972.0,  0.068
30,  971.0,  0.070
31,  970.0,  0.067
32,  969.0,  0.068
33,  968.0,  0.070
34,  967.0,  0.070
35,  966.0,  0.074
36,  965.0,  0.076
37,  964.0,  0.078
38,  963.0,  0.079
39,  962.0,  0.083
40,  961.0,  0.087
41,  960.0,  0.085
42,  959.0,  0.091
43,  958.0,  0.097
44,  957.0,  0.099
45,  956.0,  0.107
46,  955.0,  0.116
47,  954.0,  0.121
48,  953.0,  0.130
50,  951.0,  0.146
51,  950.0,  0.153
52,  949.0,  0.160
53,  948.0,  0.164
54,  947.0,  0.169
55,  946.0,  0.173
56,  945.0,  0.178
57,  944.0,  0.182
58,  943.0,  0.186
59,  942.0,  0.191
60,  941.0,  0.195
61,  940.0,  0.199
62,  939.0,  0.204
63,  938.0,  0.207
64,  937.0,  0.209
65,  936.0,  0.212
66,  935.0,  0.213
67,  934.0,  0.215
68,  933.0,  0.218
69,  932.0,  0.220
70,  931.0,  0.223
71,  930.0,  0.226
72,  929.0,  0.229
73,  928.0,  0.232
74,  927.0,  0.235
75,  926.0,  0.237
76,  925.0,  0.238
77,  924.0,  0.238
78,  923.0,  0.239
79,  922.0,  0.239
80,  921.0,  0.240
81,  920.0,  0.242
82,  919.0,  0.242
83,  918.0,  0.244
84,  917.0,  0.247
85,  916.0,  0.248
86,  915.0,  0.250
87,  914.0,  0.251
88,  913.0,  0.250
89,  912.0,  0.250
90,  911.0,  0.250
91,  910.0,  0.249
92,  909.0,  0.249
93,  908.0,  0.250
94,  907.0,  0.250
95,  906.0,  0.252
96,  905.0,  0.254
97,  904.0,  0.254
98,  903.0,  0.256
99,  902.0,  0.257
100,  901.0,  0.255
101,  900.0,  0.254
102,  899.0,  0.254
103,  898.0,  0.253
104,  897.0,  0.253
105,  896.0,  0.253
106,  895.0,  0.255
107,  894.0,  0.255
108,  893.0,  0.256
109,  892.0,  0.259
110,  891.0,  0.261
111,  890.0,  0.259
112,  889.0,  0.261
113,  888.0,  0.260
114,  887.0,  0.258
115,  886.0,  0.258
116,  885.0,  0.259
117,  884.0,  0.258
118,  883.0,  0.258
119,  882.0,  0.261
120,  881.0,  0.261
121,  880.0,  0.262
122,  879.0,  0.265
123,  878.0,  0.264
124,  877.0,  0.264
125,  876.0,  0.262
126,  875.0,  0.262
127,  874.0,  0.261
128,  873.0,  0.260
129,  872.0,  0.261
130,  871.0,  0.262
131,  870.0,  0.262
132,  869.0,  0.264
133,  868.0,  0.267
134,  867.0,  0.267
135,  866.0,  0.267
136,  865.0,  0.268
137,  864.0,  0.267
138,  863.0,  0.265
139,  862.0,  0.265
140,  861.0,  0.265
141,  860.0,  0.264
142,  859.0,  0.265
143,  858.0,  0.266
144,  857.0,  0.267
145,  856.0,  0.269
146,  855.0,  0.270
147,  854.0,  0.270
148,  853.0,  0.270
149,  852.0,  0.269
150,  851.0,  0.266
151,  850.0,  0.267
152,  849.0,  0.271
153,  848.0,  0.272
154,  847.0,  0.271
155,  846.0,  0.273
156,  845.0,  0.274
157,  844.0,  0.276
158,  843.0,  0.278
159,  842.0,  0.277
160,  841.0,  0.277
161,  840.0,  0.276
162,  839.0,  0.275
163,  838.0,  0.274
164,  837.0,  0.274
165,  836.0,  0.273
166,  835.0,  0.275
167,  834.0,  0.276
168,  833.0,  0.276
169,  832.0,  0.279
170,  831.0,  0.280
171,  830.0,  0.280
172,  829.0,  0.281
173,  828.0,  0.281
174,  827.0,  0.279
175,  826.0,  0.280
176,  825.0,  0.280
177,  824.0,  0.280
178,  823.0,  0.280
179,  822.0,  0.281
180,  821.0,  0.283
181,  820.0,  0.283
182,  819.0,  0.286
183,  818.0,  0.286
184,  817.0,  0.285
185,  816.0,  0.286
186,  815.0,  0.284
187,  814.0,  0.282
188,  813.0,  0.283
189,  812.0,  0.282
190,  811.0,  0.282
191,  810.0,  0.284
192,  809.0,  0.285
193,  808.0,  0.286
194,  807.0,  0.288
195,  806.0,  0.288
196,  805.0,  0.287
197,  804.0,  0.286
198,  803.0,  0.285
199,  802.0,  0.283
200,  801.0,  0.284
201,  800.0,  0.283
202,  799.0,  0.283
203,  798.0,  0.285
204,  797.0,  0.285
205,  796.0,  0.286
206,  795.0,  0.288
207,  794.0,  0.288
208,  793.0,  0.287
209,  792.0,  0.286
210,  791.0,  0.285
211,  790.0,  0.283
212,  789.0,  0.283
213,  788.0,  0.283
214,  787.0,  0.283
215,  786.0,  0.284
216,  785.0,  0.285
217,  784.0,  0.286
218,  783.0,  0.288
219,  782.0,  0.288
220,  781.0,  0.287
221,  780.0,  0.286
222,  779.0,  0.284
223,  778.0,  0.283
224,  777.0,  0.283
225,  776.0,  0.282
226,  775.0,  0.282
227,  774.0,  0.283
228,  773.0,  0.284
229,  772.0,  0.285
230,  771.0,  0.287
231,  770.0,  0.287
232,  769.0,  0.286
233,  768.0,  0.286
234,  767.0,  0.285
235,  766.0,  0.284
236,  765.0,  0.283
237,  764.0,  0.283
238,  763.0,  0.283
239,  762.0,  0.284
240,  761.0,  0.284
241,  760.0,  0.286
242,  759.0,  0.288
243,  758.0,  0.287
244,  757.0,  0.287
245,  756.0,  0.286
246,  755.0,  0.285
247,  754.0,  0.284
248,  753.0,  0.283
249,  752.0,  0.283
250,  751.0,  0.284
251,  750.0,  0.282
252,  749.0,  0.285
253,  748.0,  0.287
254,  747.0,  0.288
255,  746.0,  0.286
256,  745.0,  0.288
257,  744.0,  0.287
258,  743.0,  0.285
259,  742.0,  0.285
260,  741.0,  0.285
261,  740.0,  0.283
262,  739.0,  0.284
263,  738.0,  0.286
264,  737.0,  0.286
265,  736.0,  0.289
266,  735.0,  0.290
267,  734.0,  0.290
268,  733.0,  0.291
269,  732.0,  0.290
270,  731.0,  0.288
271,  730.0,  0.289
272,  729.0,  0.289
273,  728.0,  0.288
274,  727.0,  0.290
275,  726.0,  0.290
276,  725.0,  0.292
277,  724.0,  0.294
278,  723.0,  0.294
279,  722.0,  0.295
280,  721.0,  0.295
281,  720.0,  0.294
282,  719.0,  0.293
283,  718.0,  0.293
284,  717.0,  0.293
285,  716.0,  0.293
286,  715.0,  0.293
287,  714.0,  0.294
288,  713.0,  0.295
289,  712.0,  0.297
290,  711.0,  0.298
291,  710.0,  0.299
292,  709.0,  0.299
293,  708.0,  0.298
294,  707.0,  0.296
295,  706.0,  0.296
296,  705.0,  0.295
297,  704.0,  0.295
298,  703.0,  0.295
299,  702.0,  0.295
300,  701.0,  0.298
301,  700.0,  0.298
302,  699.0,  0.299
303,  698.0,  0.300
304,  697.0,  0.299
305,  696.0,  0.298
306,  695.0,  0.297
307,  694.0,  0.296
308,  693.0,  0.296
309,  692.0,  0.296
310,  691.0,  0.296
311,  690.0,  0.297
312,  689.0,  0.298
313,  688.0,  0.300
314,  687.0,  0.301
315,  686.0,  0.302
316,  685.0,  0.300
317,  684.0,  0.300
318,  683.0,  0.299
319,  682.0,  0.298
320,  681.0,  0.297
321,  680.0,  0.296
322,  679.0,  0.297
323,  678.0,  0.298
324,  677.0,  0.299
325,  676.0,  0.300
326,  675.0,  0.302
327,  674.0,  0.301
328,  673.0,  0.301
329,  672.0,  0.300
330,  671.0,  0.298
331,  670.0,  0.298
332,  669.0,  0.297
333,  668.0,  0.297
334,  667.0,  0.298
335,  666.0,  0.298
336,  665.0,  0.300
337,  664.0,  0.301
338,  663.0,  0.303
339,  662.0,  0.302
340,  661.0,  0.302
341,  660.0,  0.301
342,  659.0,  0.301
343,  658.0,  0.299
344,  657.0,  0.298
345,  656.0,  0.298
346,  655.0,  0.298
347,  654.0,  0.299
348,  653.0,  0.301
349,  652.0,  0.302
350,  651.0,  0.303
351,  650.0,  0.303
352,  649.0,  0.303
353,  648.0,  0.302
354,  647.0,  0.299
355,  646.0,  0.299
356,  645.0,  0.298
357,  644.0,  0.299
358,  643.0,  0.299
359,  642.0,  0.299
360,  641.0,  0.301
361,  640.0,  0.303
362,  639.0,  0.304
363,  638.0,  0.305
364,  637.0,  0.305
365,  636.0,  0.302
366,  635.0,  0.301
367,  634.0,  0.299
368,  633.0,  0.300
369,  632.0,  0.299
370,  631.0,  0.299
371,  630.0,  0.300
372,  629.0,  0.301
373,  628.0,  0.303
374,  627.0,  0.304
375,  626.0,  0.305
376,  625.0,  0.304
377,  624.0,  0.303
378,  623.0,  0.301
379,  622.0,  0.300
380,  621.0,  0.300
381,  620.0,  0.299
382,  619.0,  0.299
383,  618.0,  0.301
384,  617.0,  0.302
385,  616.0,  0.304
386,  615.0,  0.306
387,  614.0,  0.306
388,  613.0,  0.306
389,  612.0,  0.304
390,  611.0,  0.303
391,  610.0,  0.302
392,  609.0,  0.302
393,  608.0,  0.301
394,  607.0,  0.302
395,  606.0,  0.303
396,  605.0,  0.304
397,  604.0,  0.305
398,  603.0,  0.307
399,  602.0,  0.308
400,  601.0,  0.307
401,  600.0,  0.306
402,  599.0,  0.304
403,  598.0,  0.304
404,  597.0,  0.303
405,  596.0,  0.302
406,  595.0,  0.304
407,  594.0,  0.305
408,  593.0,  0.307
409,  592.0,  0.309
410,  591.0,  0.311
411,  590.0,  0.311
412,  589.0,  0.311
413,  588.0,  0.311
414,  587.0,  0.309
415,  586.0,  0.308
416,  585.0,  0.308
417,  584.0,  0.307
418,  583.0,  0.307
419,  582.0,  0.308
420,  581.0,  0.310
421,  580.0,  0.311
422,  579.0,  0.313
423,  578.0,  0.313
424,  577.0,  0.313
425,  576.0,  0.311
426,  575.0,  0.310
427,  574.0,  0.308
428,  573.0,  0.307
429,  572.0,  0.307
430,  571.0,  0.307
431,  570.0,  0.307
432,  569.0,  0.309
433,  568.0,  0.310
434,  567.0,  0.312
435,  566.0,  0.313
436,  565.0,  0.312
437,  564.0,  0.312
438,  563.0,  0.310
439,  562.0,  0.308
440,  561.0,  0.308
441,  560.0,  0.308
442,  559.0,  0.308
443,  558.0,  0.309
444,  557.0,  0.311
445,  556.0,  0.313
446,  555.0,  0.314
447,  554.0,  0.315
448,  553.0,  0.314
449,  552.0,  0.313
450,  551.0,  0.311
451,  550.0,  0.310
452,  549.0,  0.310
453,  548.0,  0.309
454,  547.0,  0.310
455,  546.0,  0.310
456,  545.0,  0.313
457,  544.0,  0.315
458,  543.0,  0.317
459,  542.0,  0.317
460,  541.0,  0.317
461,  540.0,  0.315
462,  539.0,  0.314
463,  538.0,  0.313
464,  537.0,  0.311
465,  536.0,  0.311
466,  535.0,  0.312
467,  534.0,  0.312
468,  533.0,  0.314
469,  532.0,  0.315
470,  531.0,  0.318
471,  530.0,  0.317
472,  529.0,  0.318
473,  528.0,  0.317
474,  527.0,  0.315
475,  526.0,  0.312
476,  525.0,  0.313
477,  524.0,  0.311
478,  523.0,  0.311
479,  522.0,  0.313
480,  521.0,  0.314
481,  520.0,  0.316
482,  519.0,  0.318
483,  518.0,  0.319
484,  517.0,  0.319
485,  516.0,  0.317
486,  515.0,  0.316
487,  514.0,  0.315
488,  513.0,  0.314
489,  512.0,  0.313
490,  511.0,  0.313
491,  510.0,  0.315
492,  509.0,  0.316
493,  508.0,  0.318
494,  507.0,  0.320
495,  506.0,  0.321
496,  505.0,  0.320
497,  504.0,  0.319
498,  503.0,  0.317
499,  502.0,  0.316
500,  501.0,  0.315
501,  500.0,  0.314
502,  499.0,  0.314
503,  498.0,  0.315
504,  497.0,  0.316
505,  496.0,  0.318
506,  495.0,  0.321
507,  494.0,  0.321
508,  493.0,  0.321
509,  492.0,  0.321
510,  491.0,  0.319
511,  490.0,  0.317
512,  489.0,  0.317
513,  488.0,  0.316
514,  487.0,  0.316
515,  486.0,  0.317
516,  485.0,  0.319
517,  484.0,  0.321
518,  483.0,  0.323
519,  482.0,  0.323
520,  481.0,  0.323
521,  480.0,  0.322
522,  479.0,  0.320
523,  478.0,  0.318
524,  477.0,  0.318
525,  476.0,  0.317
526,  475.0,  0.317
527,  474.0,  0.318
528,  473.0,  0.319
529,  472.0,  0.321
530,  471.0,  0.323
531,  470.0,  0.324
533,  468.0,  0.323
534,  467.0,  0.322
535,  466.0,  0.320
536,  465.0,  0.320
537,  464.0,  0.319
538,  463.0,  0.319
539,  462.0,  0.320
540,  461.0,  0.322
541,  460.0,  0.324
542,  459.0,  0.326
543,  458.0,  0.326
544,  457.0,  0.327
545,  456.0,  0.325
546,  455.0,  0.324
547,  454.0,  0.323
548,  453.0,  0.320
549,  452.0,  0.320
550,  451.0,  0.320
551,  450.0,  0.321
552,  449.0,  0.320
553,  448.0,  0.322
554,  447.0,  0.323
555,  446.0,  0.324
556,  445.0,  0.324
557,  444.0,  0.323
558,  443.0,  0.322
559,  442.0,  0.320
560,  441.0,  0.319
561,  440.0,  0.319
562,  439.0,  0.319
563,  438.0,  0.320
564,  437.0,  0.322
565,  436.0,  0.324
566,  435.0,  0.326
567,  434.0,  0.326
568,  433.0,  0.327
569,  432.0,  0.325
570,  431.0,  0.323
571,  430.0,  0.322
572,  429.0,  0.321
573,  428.0,  0.321
574,  427.0,  0.321
575,  426.0,  0.322
576,  425.0,  0.323
577,  424.0,  0.325
578,  423.0,  0.326
579,  422.0,  0.327
580,  421.0,  0.327
581,  420.0,  0.326
582,  419.0,  0.324
583,  418.0,  0.323
584,  417.0,  0.322
585,  416.0,  0.322
586,  415.0,  0.323
587,  414.0,  0.323
588,  413.0,  0.325
589,  412.0,  0.327
590,  411.0,  0.329
591,  410.0,  0.330
592,  409.0,  0.330
593,  408.0,  0.329
594,  407.0,  0.327
595,  406.0,  0.326
596,  405.0,  0.325
597,  404.0,  0.324
598,  403.0,  0.324
599,  402.0,  0.325
600,  401.0,  0.327
601,  400.0,  0.329
602,  399.0,  0.331
603,  398.0,  0.332
604,  397.0,  0.331
605,  396.0,  0.329
606,  395.0,  0.328
607,  394.0,  0.327
608,  393.0,  0.326
609,  392.0,  0.326
610,  391.0,  0.326
611,  390.0,  0.328
612,  389.0,  0.330
613,  388.0,  0.332
614,  387.0,  0.333
615,  386.0,  0.335
616,  385.0,  0.334
617,  384.0,  0.332
618,  383.0,  0.330
619,  382.0,  0.329
620,  381.0,  0.327
621,  380.0,  0.326
622,  379.0,  0.327
623,  378.0,  0.328
624,  377.0,  0.330
625,  376.0,  0.332
626,  375.0,  0.334
627,  374.0,  0.335
628,  373.0,  0.335
629,  372.0,  0.333
630,  371.0,  0.331
631,  370.0,  0.329
632,  369.0,  0.301
633,  368.0,  0.303
634,  367.0,  0.304
635,  366.0,  0.305
636,  365.0,  0.307
637,  364.0,  0.309
638,  363.0,  0.310
639,  362.0,  0.311
640,  361.0,  0.310
641,  360.0,  0.308
642,  359.0,  0.306
643,  358.0,  0.301
644,  357.0,  0.301
645,  356.0,  0.299
646,  355.0,  0.297
647,  354.0,  0.297
648,  353.0,  0.298
649,  352.0,  0.298
650,  351.0,  0.297
651,  350.0,  0.296
652,  349.0,  0.293
654,  347.0,  0.282
655,  346.0,  0.274
656,  345.0,  0.267
657,  344.0,  0.263
658,  343.0,  0.254
659,  342.0,  0.247
660,  341.0,  0.241
661,  340.0,  0.232
662,  339.0,  0.157
663,  338.0,  0.140
664,  337.0,  0.123
665,  336.0,  0.101
666,  335.0,  0.074
667,  334.0,  0.045
668,  333.0,  0.011
669,  332.0, -0.031
670,  331.0, -0.077
671,  330.0, -0.128
672,  329.0, -0.185
673,  328.0, -0.251
674,  327.0, -0.324
675,  326.0, -0.405
676,  325.0, -0.492
677,  324.0, -0.586
678,  323.0, -0.602
679,  322.0, -0.602
680,  321.0, -0.602
681,  320.0, -0.602
682,  319.0, -0.602
683,  318.0, -0.602
684,  317.0, -0.602
685,  316.0, -0.602
686,  315.0, -0.602
687,  314.0, -0.602
688,  313.0, -0.602
689,  312.0, -0.602
690,  311.0, -0.602
691,  310.0, -0.602
692,  309.0, -0.602
693,  308.0, -0.602
694,  307.0, -0.602
695,  306.0, -0.602
696,  305.0, -0.602
697,  304.0, -0.602
698,  303.0, -0.602
699,  302.0, -0.602
700,  301.0, -0.602
701,  300.0, -0.602
702,  299.0, -0.602
703,  298.0, -0.602
704,  297.0, -0.602
705,  296.0, -0.602
706,  295.0, -0.602
707,  294.0, -0.602
708,  293.0, -0.602
709,  292.0, -0.602
710,  291.0, -0.602
711,  290.0, -0.602
712,  289.0, -0.602
713,  288.0, -0.602
714,  287.0, -0.602
715,  286.0, -0.602
716,  285.0, -0.602
717,  284.0, -0.602
718,  283.0, -0.602
719,  282.0, -0.602
720,  281.0, -0.602
721,  280.0, -0.602
722,  279.0, -0.602
723,  278.0, -0.602
724,  277.0, -0.602
725,  276.0, -0.602
726,  275.0, -0.602
727,  274.0, -0.602
728,  273.0, -0.602
729,  272.0, -0.602
730,  271.0, -0.602
731,  270.0, -0.602
732,  269.0, -0.602
733,  268.0, -0.602
734,  267.0, -0.602
735,  266.0, -0.602
736,  265.0, -0.602
737,  264.0, -0.602
738,  263.0, -0.602
739,  262.0, -0.602
740,  261.0, -0.602
741,  260.0, -0.602
742,  259.0, -0.602
743,  258.0, -0.602
744,  257.0, -0.602
745,  256.0, -0.602
746,  255.0, -0.602
747,  254.0, -0.602
748,  253.0, -0.602
749,  252.0, -0.602
750,  251.0, -0.602
751,  250.0, -0.602
752,  249.0, -0.602
753,  248.0, -0.602
754,  247.0, -0.602
755,  246.0, -0.602
756,  245.0, -0.602
757,  244.0, -0.602
758,  243.0, -0.602
759,  242.0, -0.602
760,  241.0, -0.602
761,  240.0, -0.602
762,  239.0, -0.602
763,  238.0, -0.602
764,  237.0, -0.602
765,  236.0, -0.602
766,  235.0, -0.602
767,  234.0, -0.602
768,  233.0, -0.602
769,  232.0, -0.602
770,  231.0, -0.602
771,  230.0, -0.602
772,  229.0, -0.602
773,  228.0, -0.602
775,  226.0, -0.602
776,  225.0, -0.602
777,  224.0, -0.602
778,  223.0, -0.602
779,  222.0, -0.602
780,  221.0, -0.602
781,  220.0, -0.602
782,  219.0, -0.602
783,  218.0, -0.602
784,  217.0, -0.602
785,  216.0, -0.602
786,  215.0, -0.602
787,  214.0, -0.602
788,  213.0, -0.529
789,  212.0, -0.483
790,  211.0, -0.402
791,  210.0, -0.346
792,  209.0, -0.294
793,  208.0, -0.223
794,  207.0, -0.249
795,  206.0, -0.203
796,  205.0, -0.148
797,  204.0, -0.192
798,  203.0, -0.116
799,  202.0, -0.110
800,  201.0, -0.113
801,  200.0, -0.075
802,  199.0, -0.055
803,  198.0, -0.081
804,  197.0, -0.147
805,  196.0, -0.027
806,  195.0, -0.071
807,  194.0, -0.115
808,  193.0, -0.088
809,  192.0, -0.079
810,  191.0, -0.072
811,  190.0, -0.113
