StartWaveLength: 1000.0
EndWaveLength:  190.0
Step:   1nm
ID, WaveLength, VALUE
1, 1000.0,  0.046
2,  999.0,  0.046
3,  998.0,  0.046
4,  997.0,  0.046
5,  996.0,  0.046
6,  995.0,  0.047
7,  994.0,  0.047
8,  993.0,  0.048
9,  992.0,  0.048
10,  991.0,  0.048
11,  990.0,  0.049
12,  989.0,  0.049
13,  988.0,  0.049
14,  987.0,  0.049
15,  986.0,  0.049
16,  985.0,  0.050
17,  984.0,  0.050
18,  983.0,  0.051
19,  982.0,  0.051
20,  981.0,  0.052
21,  980.0,  0.053
22,  979.0,  0.053
23,  978.0,  0.054
24,  977.0,  0.055
25,  976.0,  0.055
26,  975.0,  0.055
27,  974.0,  0.054
28,  973.0,  0.054
29,  972.0,  0.054
30,  971.0,  0.053
31,  970.0,  0.054
32,  969.0,  0.053
33,  968.0,  0.052
34,  967.0,  0.052
35,  966.0,  0.051
36,  965.0,  0.050
37,  964.0,  0.049
38,  963.0,  0.048
39,  962.0,  0.048
40,  961.0,  0.046
41,  960.0,  0.046
42,  959.0,  0.045
43,  958.0,  0.045
44,  957.0,  0.045
45,  956.0,  0.046
46,  955.0,  0.047
47,  954.0,  0.048
48,  953.0,  0.049
49,  952.0,  0.051
50,  951.0,  0.053
51,  950.0,  0.055
52,  949.0,  0.057
53,  948.0,  0.059
54,  947.0,  0.060
55,  946.0,  0.061
56,  945.0,  0.062
57,  944.0,  0.063
58,  943.0,  0.064
59,  942.0,  0.065
60,  941.0,  0.066
61,  940.0,  0.067
62,  939.0,  0.068
63,  938.0,  0.069
64,  937.0,  0.071
65,  936.0,  0.072
66,  935.0,  0.073
67,  934.0,  0.073
68,  933.0,  0.074
69,  932.0,  0.075
70,  931.0,  0.076
71,  930.0,  0.076
72,  929.0,  0.077
73,  928.0,  0.077
74,  927.0,  0.077
75,  926.0,  0.078
76,  925.0,  0.079
77,  924.0,  0.079
78,  923.0,  0.079
79,  922.0,  0.079
80,  921.0,  0.079
81,  920.0,  0.079
82,  919.0,  0.079
83,  918.0,  0.079
84,  917.0,  0.078
85,  916.0,  0.078
86,  915.0,  0.078
87,  914.0,  0.077
88,  913.0,  0.077
89,  912.0,  0.077
90,  911.0,  0.077
91,  910.0,  0.076
92,  909.0,  0.077
93,  908.0,  0.077
94,  907.0,  0.076
95,  906.0,  0.076
96,  905.0,  0.076
97,  904.0,  0.076
98,  903.0,  0.076
99,  902.0,  0.076
100,  901.0,  0.076
101,  900.0,  0.076
102,  899.0,  0.077
103,  898.0,  0.077
104,  897.0,  0.076
105,  896.0,  0.077
106,  895.0,  0.077
107,  894.0,  0.077
108,  893.0,  0.078
109,  892.0,  0.077
110,  891.0,  0.077
111,  890.0,  0.077
112,  889.0,  0.077
113,  888.0,  0.077
114,  887.0,  0.077
115,  886.0,  0.077
116,  885.0,  0.076
118,  883.0,  0.075
119,  882.0,  0.075
120,  881.0,  0.075
121,  880.0,  0.075
122,  879.0,  0.074
123,  878.0,  0.074
124,  877.0,  0.074
125,  876.0,  0.074
126,  875.0,  0.073
127,  874.0,  0.073
128,  873.0,  0.072
129,  872.0,  0.072
130,  871.0,  0.072
131,  870.0,  0.072
132,  869.0,  0.072
133,  868.0,  0.072
134,  867.0,  0.072
135,  866.0,  0.071
136,  865.0,  0.072
137,  864.0,  0.072
138,  863.0,  0.072
139,  862.0,  0.073
140,  861.0,  0.073
141,  860.0,  0.073
142,  859.0,  0.073
143,  858.0,  0.073
144,  857.0,  0.073
145,  856.0,  0.072
146,  855.0,  0.072
147,  854.0,  0.072
148,  853.0,  0.072
149,  852.0,  0.072
150,  851.0,  0.071
151,  850.0,  0.071
152,  849.0,  0.071
153,  848.0,  0.071
154,  847.0,  0.071
155,  846.0,  0.071
156,  845.0,  0.070
157,  844.0,  0.070
158,  843.0,  0.071
159,  842.0,  0.071
160,  841.0,  0.071
161,  840.0,  0.071
162,  839.0,  0.071
163,  838.0,  0.071
164,  837.0,  0.070
165,  836.0,  0.070
166,  835.0,  0.070
167,  834.0,  0.070
168,  833.0,  0.070
169,  832.0,  0.070
170,  831.0,  0.069
171,  830.0,  0.069
172,  829.0,  0.069
173,  828.0,  0.069
174,  827.0,  0.069
175,  826.0,  0.069
176,  825.0,  0.070
177,  824.0,  0.070
178,  823.0,  0.069
179,  822.0,  0.069
180,  821.0,  0.070
181,  820.0,  0.069
182,  819.0,  0.069
183,  818.0,  0.069
184,  817.0,  0.068
185,  816.0,  0.068
186,  815.0,  0.068
187,  814.0,  0.068
188,  813.0,  0.068
189,  812.0,  0.068
190,  811.0,  0.068
191,  810.0,  0.068
192,  809.0,  0.068
193,  808.0,  0.067
194,  807.0,  0.067
195,  806.0,  0.067
196,  805.0,  0.067
197,  804.0,  0.067
198,  803.0,  0.067
199,  802.0,  0.067
200,  801.0,  0.066
201,  800.0,  0.066
202,  799.0,  0.066
203,  798.0,  0.066
204,  797.0,  0.065
205,  796.0,  0.065
206,  795.0,  0.065
207,  794.0,  0.064
208,  793.0,  0.064
209,  792.0,  0.064
210,  791.0,  0.063
211,  790.0,  0.063
212,  789.0,  0.063
213,  788.0,  0.063
214,  787.0,  0.063
215,  786.0,  0.063
216,  785.0,  0.062
217,  784.0,  0.062
218,  783.0,  0.062
219,  782.0,  0.062
220,  781.0,  0.062
221,  780.0,  0.061
222,  779.0,  0.061
223,  778.0,  0.061
224,  777.0,  0.061
225,  776.0,  0.061
226,  775.0,  0.060
227,  774.0,  0.060
228,  773.0,  0.060
229,  772.0,  0.060
230,  771.0,  0.060
231,  770.0,  0.060
232,  769.0,  0.060
233,  768.0,  0.060
234,  767.0,  0.060
235,  766.0,  0.059
236,  765.0,  0.059
237,  764.0,  0.059
239,  762.0,  0.059
240,  761.0,  0.058
241,  760.0,  0.058
242,  759.0,  0.058
243,  758.0,  0.058
244,  757.0,  0.058
245,  756.0,  0.058
246,  755.0,  0.058
247,  754.0,  0.057
248,  753.0,  0.057
249,  752.0,  0.057
250,  751.0,  0.057
251,  750.0,  0.057
252,  749.0,  0.057
253,  748.0,  0.057
254,  747.0,  0.057
255,  746.0,  0.057
256,  745.0,  0.056
257,  744.0,  0.056
258,  743.0,  0.056
259,  742.0,  0.056
260,  741.0,  0.056
261,  740.0,  0.056
262,  739.0,  0.056
263,  738.0,  0.055
264,  737.0,  0.055
265,  736.0,  0.055
266,  735.0,  0.055
267,  734.0,  0.055
268,  733.0,  0.056
269,  732.0,  0.056
270,  731.0,  0.056
271,  730.0,  0.056
272,  729.0,  0.056
273,  728.0,  0.056
274,  727.0,  0.057
275,  726.0,  0.057
276,  725.0,  0.057
277,  724.0,  0.057
278,  723.0,  0.057
279,  722.0,  0.057
280,  721.0,  0.057
281,  720.0,  0.057
282,  719.0,  0.057
283,  718.0,  0.057
284,  717.0,  0.057
285,  716.0,  0.057
286,  715.0,  0.057
287,  714.0,  0.057
288,  713.0,  0.057
289,  712.0,  0.056
290,  711.0,  0.056
291,  710.0,  0.056
292,  709.0,  0.056
293,  708.0,  0.057
294,  707.0,  0.057
295,  706.0,  0.057
296,  705.0,  0.057
297,  704.0,  0.057
298,  703.0,  0.057
299,  702.0,  0.057
300,  701.0,  0.057
301,  700.0,  0.056
302,  699.0,  0.056
303,  698.0,  0.056
304,  697.0,  0.056
305,  696.0,  0.056
306,  695.0,  0.056
307,  694.0,  0.056
308,  693.0,  0.056
309,  692.0,  0.057
310,  691.0,  0.057
311,  690.0,  0.057
312,  689.0,  0.057
313,  688.0,  0.057
314,  687.0,  0.057
315,  686.0,  0.057
316,  685.0,  0.057
317,  684.0,  0.057
318,  683.0,  0.057
319,  682.0,  0.057
320,  681.0,  0.057
321,  680.0,  0.057
322,  679.0,  0.057
323,  678.0,  0.057
324,  677.0,  0.056
325,  676.0,  0.056
326,  675.0,  0.056
327,  674.0,  0.056
328,  673.0,  0.056
329,  672.0,  0.056
330,  671.0,  0.056
331,  670.0,  0.056
332,  669.0,  0.056
333,  668.0,  0.056
334,  667.0,  0.056
335,  666.0,  0.056
336,  665.0,  0.056
337,  664.0,  0.056
338,  663.0,  0.056
339,  662.0,  0.056
340,  661.0,  0.056
341,  660.0,  0.056
342,  659.0,  0.055
343,  658.0,  0.055
344,  657.0,  0.055
345,  656.0,  0.055
346,  655.0,  0.055
347,  654.0,  0.055
348,  653.0,  0.055
349,  652.0,  0.055
350,  651.0,  0.055
351,  650.0,  0.055
352,  649.0,  0.055
353,  648.0,  0.055
354,  647.0,  0.055
355,  646.0,  0.055
356,  645.0,  0.055
357,  644.0,  0.055
358,  643.0,  0.055
365,  636.0,  0.056
366,  635.0,  0.056
367,  634.0,  0.056
368,  633.0,  0.056
369,  632.0,  0.056
370,  631.0,  0.057
371,  630.0,  0.057
372,  629.0,  0.057
373,  628.0,  0.057
374,  627.0,  0.057
375,  626.0,  0.057
376,  625.0,  0.057
377,  624.0,  0.058
378,  623.0,  0.058
379,  622.0,  0.058
380,  621.0,  0.058
381,  620.0,  0.059
382,  619.0,  0.059
383,  618.0,  0.059
384,  617.0,  0.060
385,  616.0,  0.060
386,  615.0,  0.060
387,  614.0,  0.061
388,  613.0,  0.061
389,  612.0,  0.061
390,  611.0,  0.062
391,  610.0,  0.062
392,  609.0,  0.063
393,  608.0,  0.063
394,  607.0,  0.064
395,  606.0,  0.064
396,  605.0,  0.065
397,  604.0,  0.065
398,  603.0,  0.066
399,  602.0,  0.066
400,  601.0,  0.067
401,  600.0,  0.068
402,  599.0,  0.068
403,  598.0,  0.069
404,  597.0,  0.070
405,  596.0,  0.071
406,  595.0,  0.071
407,  594.0,  0.072
408,  593.0,  0.074
409,  592.0,  0.075
410,  591.0,  0.075
411,  590.0,  0.077
412,  589.0,  0.078
413,  588.0,  0.079
414,  587.0,  0.080
415,  586.0,  0.081
416,  585.0,  0.082
417,  584.0,  0.083
418,  583.0,  0.084
419,  582.0,  0.085
420,  581.0,  0.087
421,  580.0,  0.088
422,  579.0,  0.089
423,  578.0,  0.091
424,  577.0,  0.092
425,  576.0,  0.093
426,  575.0,  0.094
427,  574.0,  0.096
428,  573.0,  0.097
429,  572.0,  0.099
430,  571.0,  0.100
431,  570.0,  0.102
432,  569.0,  0.103
433,  568.0,  0.105
434,  567.0,  0.106
435,  566.0,  0.108
436,  565.0,  0.109
437,  564.0,  0.111
438,  563.0,  0.112
439,  562.0,  0.114
440,  561.0,  0.116
441,  560.0,  0.117
442,  559.0,  0.119
443,  558.0,  0.121
444,  557.0,  0.122
445,  556.0,  0.124
446,  555.0,  0.126
447,  554.0,  0.128
448,  553.0,  0.129
449,  552.0,  0.130
450,  551.0,  0.132
451,  550.0,  0.133
452,  549.0,  0.135
453,  548.0,  0.136
454,  547.0,  0.138
455,  546.0,  0.139
456,  545.0,  0.141
457,  544.0,  0.142
458,  543.0,  0.144
459,  542.0,  0.145
460,  541.0,  0.146
461,  540.0,  0.148
462,  539.0,  0.149
463,  538.0,  0.150
464,  537.0,  0.151
465,  536.0,  0.153
466,  535.0,  0.154
467,  534.0,  0.155
468,  533.0,  0.157
469,  532.0,  0.158
470,  531.0,  0.159
471,  530.0,  0.160
472,  529.0,  0.161
473,  528.0,  0.162
474,  527.0,  0.163
475,  526.0,  0.164
476,  525.0,  0.164
477,  524.0,  0.165
478,  523.0,  0.166
479,  522.0,  0.166
480,  521.0,  0.167
481,  520.0,  0.168
482,  519.0,  0.168
483,  518.0,  0.169
484,  517.0,  0.169
485,  516.0,  0.169
487,  514.0,  0.170
488,  513.0,  0.170
489,  512.0,  0.170
490,  511.0,  0.170
491,  510.0,  0.170
492,  509.0,  0.170
493,  508.0,  0.171
494,  507.0,  0.171
495,  506.0,  0.171
496,  505.0,  0.170
497,  504.0,  0.170
498,  503.0,  0.170
499,  502.0,  0.170
500,  501.0,  0.170
501,  500.0,  0.169
502,  499.0,  0.169
503,  498.0,  0.169
504,  497.0,  0.168
505,  496.0,  0.168
506,  495.0,  0.167
507,  494.0,  0.167
508,  493.0,  0.167
509,  492.0,  0.166
510,  491.0,  0.166
511,  490.0,  0.165
512,  489.0,  0.165
513,  488.0,  0.164
514,  487.0,  0.163
515,  486.0,  0.162
516,  485.0,  0.162
517,  484.0,  0.161
518,  483.0,  0.160
519,  482.0,  0.160
520,  481.0,  0.159
521,  480.0,  0.158
522,  479.0,  0.157
523,  478.0,  0.156
524,  477.0,  0.155
525,  476.0,  0.153
526,  475.0,  0.152
527,  474.0,  0.151
528,  473.0,  0.150
529,  472.0,  0.149
530,  471.0,  0.147
531,  470.0,  0.146
532,  469.0,  0.145
533,  468.0,  0.144
534,  467.0,  0.143
535,  466.0,  0.141
536,  465.0,  0.140
537,  464.0,  0.138
538,  463.0,  0.137
539,  462.0,  0.135
540,  461.0,  0.134
541,  460.0,  0.132
542,  459.0,  0.130
543,  458.0,  0.129
544,  457.0,  0.127
545,  456.0,  0.125
546,  455.0,  0.124
547,  454.0,  0.122
548,  453.0,  0.120
549,  452.0,  0.119
550,  451.0,  0.117
551,  450.0,  0.115
552,  449.0,  0.112
553,  448.0,  0.111
554,  447.0,  0.109
555,  446.0,  0.107
556,  445.0,  0.105
557,  444.0,  0.103
558,  443.0,  0.102
559,  442.0,  0.100
560,  441.0,  0.098
561,  440.0,  0.096
562,  439.0,  0.095
563,  438.0,  0.093
564,  437.0,  0.092
565,  436.0,  0.090
566,  435.0,  0.089
567,  434.0,  0.087
568,  433.0,  0.086
569,  432.0,  0.084
570,  431.0,  0.083
571,  430.0,  0.081
572,  429.0,  0.080
573,  428.0,  0.079
574,  427.0,  0.078
575,  426.0,  0.076
576,  425.0,  0.075
577,  424.0,  0.074
578,  423.0,  0.073
579,  422.0,  0.072
580,  421.0,  0.071
581,  420.0,  0.070
582,  419.0,  0.070
583,  418.0,  0.069
584,  417.0,  0.068
585,  416.0,  0.068
586,  415.0,  0.067
587,  414.0,  0.067
588,  413.0,  0.066
589,  412.0,  0.066
590,  411.0,  0.066
591,  410.0,  0.066
592,  409.0,  0.066
593,  408.0,  0.066
594,  407.0,  0.066
595,  406.0,  0.067
596,  405.0,  0.067
597,  404.0,  0.068
598,  403.0,  0.068
599,  402.0,  0.069
600,  401.0,  0.070
601,  400.0,  0.071
602,  399.0,  0.072
603,  398.0,  0.073
604,  397.0,  0.075
605,  396.0,  0.076
606,  395.0,  0.077
607,  394.0,  0.079
608,  393.0,  0.081
609,  392.0,  0.083
610,  391.0,  0.085
611,  390.0,  0.086
612,  389.0,  0.088
613,  388.0,  0.091
614,  387.0,  0.093
615,  386.0,  0.095
616,  385.0,  0.097
617,  384.0,  0.100
618,  383.0,  0.102
619,  382.0,  0.104
620,  381.0,  0.107
621,  380.0,  0.110
622,  379.0,  0.112
623,  378.0,  0.115
624,  377.0,  0.118
625,  376.0,  0.121
626,  375.0,  0.124
627,  374.0,  0.127
628,  373.0,  0.130
629,  372.0,  0.133
630,  371.0,  0.135
631,  370.0,  0.138
632,  369.0,  0.139
633,  368.0,  0.141
634,  367.0,  0.144
635,  366.0,  0.146
636,  365.0,  0.149
637,  364.0,  0.152
638,  363.0,  0.154
639,  362.0,  0.157
640,  361.0,  0.160
641,  360.0,  0.162
642,  359.0,  0.165
643,  358.0,  0.168
644,  357.0,  0.171
645,  356.0,  0.175
646,  355.0,  0.179
647,  354.0,  0.183
648,  353.0,  0.189
649,  352.0,  0.196
650,  351.0,  0.204
651,  350.0,  0.213
652,  349.0,  0.225
653,  348.0,  0.238
654,  347.0,  0.254
655,  346.0,  0.273
656,  345.0,  0.297
657,  344.0,  0.328
658,  343.0,  0.363
659,  342.0,  0.405
660,  341.0,  0.454
661,  340.0,  0.515
662,  339.0,  0.624
663,  338.0,  0.718
664,  337.0,  0.827
665,  336.0,  0.955
666,  335.0,  1.103
667,  334.0,  1.282
668,  333.0,  1.495
669,  332.0,  1.735
670,  331.0,  2.000
671,  330.0,  2.252
672,  329.0,  2.420
673,  328.0,  2.481
674,  327.0,  2.509
675,  326.0,  2.469
676,  325.0,  2.377
677,  324.0,  2.319
678,  323.0,  2.244
679,  322.0,  2.097
680,  321.0,  2.013
681,  320.0,  1.943
682,  319.0,  1.783
683,  318.0,  1.666
684,  317.0,  1.654
685,  316.0,  1.433
686,  315.0,  1.339
687,  314.0,  1.234
688,  313.0,  1.178
689,  312.0,  1.026
690,  311.0,  0.934
691,  310.0,  0.847
692,  309.0,  0.824
693,  308.0,  0.709
694,  307.0,  0.702
695,  306.0,  0.633
696,  305.0,  0.588
697,  304.0,  0.573
698,  303.0,  0.497
699,  302.0,  0.489
700,  301.0,  0.462
701,  300.0,  0.430
702,  299.0,  0.477
703,  298.0,  0.419
704,  297.0,  0.443
705,  296.0,  0.362
706,  295.0,  0.430
707,  294.0,  0.372
708,  293.0,  0.309
709,  292.0,  0.337
710,  291.0,  0.359
711,  290.0,  0.338
712,  289.0,  0.351
713,  288.0,  0.326
714,  287.0,  0.364
715,  286.0,  0.294
716,  285.0,  0.320
717,  284.0,  0.261
718,  283.0,  0.281
719,  282.0,  0.306
720,  281.0,  0.304
721,  280.0,  0.242
722,  279.0,  0.281
723,  278.0,  0.267
724,  277.0,  0.381
725,  276.0,  0.249
726,  275.0,  0.293
727,  274.0,  0.305
728,  273.0,  0.209
729,  272.0,  0.307
730,  271.0,  0.320
731,  270.0,  0.264
732,  269.0,  0.280
733,  268.0,  0.325
734,  267.0,  0.348
735,  266.0,  0.235
736,  265.0,  0.379
737,  264.0,  0.336
738,  263.0,  0.374
739,  262.0,  0.333
740,  261.0,  0.310
741,  260.0,  0.283
742,  259.0,  0.274
743,  258.0,  0.338
744,  257.0,  0.297
745,  256.0,  0.349
746,  255.0,  0.374
747,  254.0,  0.361
748,  253.0,  0.348
749,  252.0,  0.351
750,  251.0,  0.359
751,  250.0,  0.252
752,  249.0,  0.252
753,  248.0,  0.252
754,  247.0,  0.304
755,  246.0,  0.252
756,  245.0,  0.275
757,  244.0,  0.301
758,  243.0,  0.301
759,  242.0,  0.301
760,  241.0,  0.301
761,  240.0,  0.301
762,  239.0,  0.301
763,  238.0,  0.301
764,  237.0,  0.301
765,  236.0,  0.322
766,  235.0,  0.301
767,  234.0,  0.419
768,  233.0,  0.322
769,  232.0,  0.322
770,  231.0,  0.301
771,  230.0,  0.322
772,  229.0,  0.368
773,  228.0,  0.347
774,  227.0,  0.347
775,  226.0,  0.368
776,  225.0,  0.347
777,  224.0,  0.301
778,  223.0,  0.432
779,  222.0,  0.370
780,  221.0,  0.361
781,  220.0,  0.410
782,  219.0,  0.373
783,  218.0,  0.384
784,  217.0,  0.456
785,  216.0,  0.347
786,  215.0,  0.348
787,  214.0,  0.374
788,  213.0,  0.363
789,  212.0,  0.285
790,  211.0,  0.286
791,  210.0,  0.258
792,  209.0,  0.259
793,  208.0,  0.337
794,  207.0,  0.290
795,  206.0,  0.361
796,  205.0,  0.311
797,  204.0,  0.294
798,  203.0,  0.274
799,  202.0,  0.173
800,  201.0,  0.316
801,  200.0,  0.312
802,  199.0,  0.245
803,  198.0,  0.245
804,  197.0,  0.261
805,  196.0,  0.312
806,  195.0,  0.289
807,  194.0,  0.259
808,  193.0,  0.290
809,  192.0,  0.260
810,  191.0,  0.263
811,  190.0,  0.187
