Measure Mode: ABSORB
StartWaveLength: 1000.0
EndWaveLength:  190.0
Step:   1nm
ID, WaveLength, VALUE
1, 1000.0,  0.044
2,  999.0,  0.044
3,  998.0,  0.044
4,  997.0,  0.044
5,  996.0,  0.044
6,  995.0,  0.045
7,  994.0,  0.045
8,  993.0,  0.045
9,  992.0,  0.045
10,  991.0,  0.045
11,  990.0,  0.046
12,  989.0,  0.046
13,  988.0,  0.046
14,  987.0,  0.046
15,  986.0,  0.046
16,  985.0,  0.046
17,  984.0,  0.046
18,  983.0,  0.045
19,  982.0,  0.045
20,  981.0,  0.044
21,  980.0,  0.044
22,  979.0,  0.044
23,  978.0,  0.044
24,  977.0,  0.043
25,  976.0,  0.043
26,  975.0,  0.043
27,  974.0,  0.042
28,  973.0,  0.042
29,  972.0,  0.041
30,  971.0,  0.040
31,  970.0,  0.040
32,  969.0,  0.039
33,  968.0,  0.039
34,  967.0,  0.038
35,  966.0,  0.036
36,  965.0,  0.035
37,  964.0,  0.034
38,  963.0,  0.032
39,  962.0,  0.031
40,  961.0,  0.030
41,  960.0,  0.028
42,  959.0,  0.027
43,  958.0,  0.027
44,  957.0,  0.027
45,  956.0,  0.027
46,  955.0,  0.028
47,  954.0,  0.029
48,  953.0,  0.030
49,  952.0,  0.032
50,  951.0,  0.033
51,  950.0,  0.035
52,  949.0,  0.037
53,  948.0,  0.039
54,  947.0,  0.040
55,  946.0,  0.041
56,  945.0,  0.042
57,  944.0,  0.043
58,  943.0,  0.044
59,  942.0,  0.045
60,  941.0,  0.046
61,  940.0,  0.047
62,  939.0,  0.047
63,  938.0,  0.048
64,  937.0,  0.048
65,  936.0,  0.049
66,  935.0,  0.049
67,  934.0,  0.050
68,  933.0,  0.050
69,  932.0,  0.050
70,  931.0,  0.050
71,  930.0,  0.050
72,  929.0,  0.051
73,  928.0,  0.051
74,  927.0,  0.051
75,  926.0,  0.051
76,  925.0,  0.051
77,  924.0,  0.051
78,  923.0,  0.051
79,  922.0,  0.051
80,  921.0,  0.050
81,  920.0,  0.050
82,  919.0,  0.050
83,  918.0,  0.050
84,  917.0,  0.050
85,  916.0,  0.049
86,  915.0,  0.049
87,  914.0,  0.049
88,  913.0,  0.049
89,  912.0,  0.048
90,  911.0,  0.048
91,  910.0,  0.048
92,  909.0,  0.048
93,  908.0,  0.048
94,  907.0,  0.047
95,  906.0,  0.047
96,  905.0,  0.047
97,  904.0,  0.047
98,  903.0,  0.046
99,  902.0,  0.046
100,  901.0,  0.046
101,  900.0,  0.046
102,  899.0,  0.045
103,  898.0,  0.045
104,  897.0,  0.045
105,  896.0,  0.045
106,  895.0,  0.045
107,  894.0,  0.045
108,  893.0,  0.045
109,  892.0,  0.044
110,  891.0,  0.044
111,  890.0,  0.044
112,  889.0,  0.044
113,  888.0,  0.044
114,  887.0,  0.044
115,  886.0,  0.043
116,  885.0,  0.043
117,  884.0,  0.043
118,  883.0,  0.043
119,  882.0,  0.043
120,  881.0,  0.043
121,  880.0,  0.043
122,  879.0,  0.043
123,  878.0,  0.043
124,  877.0,  0.042
125,  876.0,  0.042
126,  875.0,  0.042
127,  874.0,  0.042
128,  873.0,  0.042
129,  872.0,  0.042
130,  871.0,  0.041
131,  870.0,  0.041
132,  869.0,  0.041
133,  868.0,  0.041
134,  867.0,  0.041
135,  866.0,  0.041
136,  865.0,  0.041
137,  864.0,  0.041
138,  863.0,  0.041
139,  862.0,  0.041
140,  861.0,  0.041
141,  860.0,  0.041
142,  859.0,  0.040
143,  858.0,  0.040
144,  857.0,  0.040
145,  856.0,  0.040
146,  855.0,  0.040
147,  854.0,  0.040
148,  853.0,  0.040
149,  852.0,  0.040
150,  851.0,  0.040
151,  850.0,  0.040
152,  849.0,  0.039
153,  848.0,  0.039
154,  847.0,  0.039
155,  846.0,  0.039
156,  845.0,  0.039
157,  844.0,  0.039
158,  843.0,  0.039
159,  842.0,  0.039
160,  841.0,  0.039
161,  840.0,  0.039
162,  839.0,  0.039
163,  838.0,  0.038
164,  837.0,  0.038
165,  836.0,  0.038
166,  835.0,  0.037
167,  834.0,  0.037
168,  833.0,  0.037
169,  832.0,  0.037
170,  831.0,  0.037
171,  830.0,  0.037
172,  829.0,  0.037
173,  828.0,  0.037
174,  827.0,  0.037
175,  826.0,  0.037
176,  825.0,  0.037
177,  824.0,  0.037
178,  823.0,  0.037
179,  822.0,  0.037
180,  821.0,  0.037
181,  820.0,  0.037
182,  819.0,  0.036
183,  818.0,  0.036
184,  817.0,  0.036
185,  816.0,  0.036
186,  815.0,  0.036
187,  814.0,  0.036
188,  813.0,  0.036
189,  812.0,  0.035
190,  811.0,  0.035
191,  810.0,  0.035
192,  809.0,  0.035
193,  808.0,  0.035
194,  807.0,  0.035
195,  806.0,  0.034
196,  805.0,  0.034
197,  804.0,  0.034
198,  803.0,  0.034
199,  802.0,  0.033
200,  801.0,  0.033
201,  800.0,  0.033
202,  799.0,  0.033
203,  798.0,  0.033
204,  797.0,  0.033
205,  796.0,  0.032
206,  795.0,  0.032
207,  794.0,  0.032
208,  793.0,  0.032
209,  792.0,  0.032
210,  791.0,  0.032
211,  790.0,  0.032
212,  789.0,  0.032
213,  788.0,  0.031
214,  787.0,  0.031
215,  786.0,  0.031
216,  785.0,  0.031
217,  784.0,  0.031
218,  783.0,  0.031
219,  782.0,  0.031
220,  781.0,  0.031
221,  780.0,  0.031
222,  779.0,  0.030
223,  778.0,  0.030
224,  777.0,  0.030
225,  776.0,  0.030
226,  775.0,  0.030
227,  774.0,  0.030
228,  773.0,  0.030
229,  772.0,  0.030
230,  771.0,  0.030
231,  770.0,  0.030
232,  769.0,  0.029
233,  768.0,  0.029
234,  767.0,  0.029
235,  766.0,  0.029
236,  765.0,  0.029
237,  764.0,  0.029
238,  763.0,  0.029
239,  762.0,  0.028
240,  761.0,  0.028
241,  760.0,  0.028
242,  759.0,  0.028
243,  758.0,  0.028
244,  757.0,  0.028
245,  756.0,  0.028
246,  755.0,  0.027
247,  754.0,  0.027
248,  753.0,  0.027
249,  752.0,  0.027
250,  751.0,  0.027
251,  750.0,  0.027
252,  749.0,  0.027
253,  748.0,  0.027
254,  747.0,  0.026
255,  746.0,  0.026
256,  745.0,  0.026
257,  744.0,  0.026
258,  743.0,  0.026
259,  742.0,  0.025
260,  741.0,  0.025
261,  740.0,  0.025
262,  739.0,  0.024
263,  738.0,  0.024
264,  737.0,  0.024
265,  736.0,  0.024
266,  735.0,  0.024
267,  734.0,  0.024
268,  733.0,  0.024
269,  732.0,  0.023
270,  731.0,  0.023
271,  730.0,  0.024
272,  729.0,  0.024
273,  728.0,  0.024
274,  727.0,  0.024
275,  726.0,  0.024
276,  725.0,  0.024
277,  724.0,  0.023
278,  723.0,  0.023
279,  722.0,  0.023
280,  721.0,  0.023
281,  720.0,  0.023
282,  719.0,  0.023
283,  718.0,  0.023
284,  717.0,  0.023
285,  716.0,  0.023
286,  715.0,  0.022
287,  714.0,  0.022
288,  713.0,  0.022
289,  712.0,  0.022
290,  711.0,  0.022
291,  710.0,  0.022
292,  709.0,  0.022
293,  708.0,  0.022
294,  707.0,  0.022
295,  706.0,  0.022
296,  705.0,  0.022
297,  704.0,  0.021
298,  703.0,  0.021
299,  702.0,  0.021
300,  701.0,  0.021
301,  700.0,  0.021
302,  699.0,  0.021
303,  698.0,  0.021
304,  697.0,  0.021
305,  696.0,  0.021
306,  695.0,  0.020
307,  694.0,  0.020
308,  693.0,  0.020
309,  692.0,  0.020
310,  691.0,  0.020
311,  690.0,  0.020
312,  689.0,  0.020
313,  688.0,  0.020
314,  687.0,  0.019
315,  686.0,  0.019
316,  685.0,  0.019
317,  684.0,  0.019
318,  683.0,  0.019
319,  682.0,  0.019
320,  681.0,  0.019
321,  680.0,  0.019
322,  679.0,  0.019
323,  678.0,  0.018
324,  677.0,  0.018
325,  676.0,  0.018
326,  675.0,  0.018
327,  674.0,  0.018
328,  673.0,  0.018
329,  672.0,  0.018
330,  671.0,  0.018
331,  670.0,  0.018
332,  669.0,  0.018
333,  668.0,  0.018
334,  667.0,  0.018
335,  666.0,  0.018
336,  665.0,  0.017
337,  664.0,  0.018
338,  663.0,  0.018
339,  662.0,  0.017
340,  661.0,  0.017
341,  660.0,  0.017
342,  659.0,  0.017
343,  658.0,  0.017
344,  657.0,  0.017
345,  656.0,  0.017
346,  655.0,  0.017
347,  654.0,  0.017
348,  653.0,  0.017
349,  652.0,  0.017
350,  651.0,  0.017
351,  650.0,  0.017
352,  649.0,  0.017
353,  648.0,  0.017
354,  647.0,  0.017
355,  646.0,  0.017
356,  645.0,  0.017
357,  644.0,  0.017
358,  643.0,  0.017
359,  642.0,  0.018
360,  641.0,  0.018
361,  640.0,  0.018
362,  639.0,  0.018
363,  638.0,  0.018
364,  637.0,  0.018
365,  636.0,  0.018
366,  635.0,  0.018
367,  634.0,  0.018
368,  633.0,  0.018
369,  632.0,  0.018
370,  631.0,  0.018
371,  630.0,  0.018
372,  629.0,  0.019
373,  628.0,  0.019
374,  627.0,  0.019
375,  626.0,  0.019
376,  625.0,  0.019
377,  624.0,  0.019
378,  623.0,  0.019
379,  622.0,  0.020
380,  621.0,  0.020
381,  620.0,  0.020
382,  619.0,  0.020
383,  618.0,  0.020
384,  617.0,  0.021
385,  616.0,  0.021
386,  615.0,  0.021
387,  614.0,  0.022
388,  613.0,  0.022
389,  612.0,  0.022
390,  611.0,  0.023
391,  610.0,  0.023
392,  609.0,  0.023
393,  608.0,  0.024
394,  607.0,  0.024
395,  606.0,  0.025
396,  605.0,  0.025
397,  604.0,  0.026
398,  603.0,  0.027
399,  602.0,  0.027
400,  601.0,  0.028
401,  600.0,  0.028
402,  599.0,  0.029
403,  598.0,  0.030
404,  597.0,  0.030
405,  596.0,  0.031
406,  595.0,  0.032
407,  594.0,  0.033
408,  593.0,  0.034
409,  592.0,  0.035
410,  591.0,  0.036
411,  590.0,  0.037
412,  589.0,  0.038
413,  588.0,  0.039
414,  587.0,  0.040
415,  586.0,416,  585417,  584.0,  0.043
418,  583.0,  0.044
419,  582.0,  0.045
420,  581.0,  0.047
421,  580.0,  0.048
422,  579.0,  0.049
423,  578.0,  0.051
424,  577.0,  0.052
425,  576.0,  0.053
426,  575.0,  0.055
427,  574.0,  0.056
428,  573.0,  0.058
429,  572.0,  0.059
430,  571.0,  0.061
431,  570.0,  0.063
432,  569.0,  0.064
433,  568.0,  0.066
434,  567.0,  0.068
435,  566.0,  0.069
436,  565.0,  0.071
437,  564.0,  0.073
438,  563.0,  0.075
439,  562.0,  0.076
440,  561.0,  0.078
441,  560.0,  0.080
442,  559.0,  0.082
443,  558.0,  0.084
444,  557.0,  0.086
445,  556.0,  0.088
446,  555.0,  0.089
447,  554.0,  0.091
448,  553.0,  0.093
449,  552.0,  0.095
450,  551.0,  0.097
451,  550.0,  0.099
452,  549.0,  0.100
453,  548.0,  0.102
454,  547.0,  0.104
455,  546.0,  0.106
456,  545.0,  0.108
457,  544.0,  0.110
458,  543.0,  0.111
459,  542.0,  0.113
460,  541.0,  0.115
461,  540.0,  0.116
462,  539.0,  0.118
463,  538.0,  0.120
464,  537.0,  0.121
465,  536.0,  0.123
466,  535.0,  0.124
467,  534.0,  0.126
468,  533.0,  0.127
469,  532.0,  0.129
470,  531.0,  0.130
471,  530.0,  0.132
472,  529.0,  0.133
473,  528.0,  0.134
474,  527.0,  0.135
475,  526.0,  0.136
476,  525.0,  0.137
477,  524.0,  0.138
478,  523.0,  0.139
479,  522.0,  0.140
480,  521.0,  0.141
481,  520.0,  0.142
482,  519.0,  0.143
483,  518.0,  0.144
484,  517.0,  0.144
485,  516.0,  0.145
486,  515.0,  0.146
487,  514.0,  0.146
488,  513.0,  0.147
489,  512.0,  0.147
490,  511.0,  0.148
491,  510.0,  0.148
492,  509.0,  0.148
493,  508.0,  0.149
494,  507.0,  0.149
495,  506.0,  0.149
496,  505.0,  0.149
497,  504.0,  0.149
498,  503.0,  0.149
499,  502.0,  0.149
500,  501.0,  0.149
501,  500.0,  0.149
502,  499.0,  0.149
503,  498.0,  0.149
504,  497.0,  0.149
505,  496.0,  0.148
506,  495.0,  0.148
507,  494.0,  0.148
508,  493.0,  0.147
509,  492.0,  0.147
510,  491.0,  0.146
511,  490.0,  0.146
512,  489.0,  0.145
513,  488.0,  0.145
514,  487.0,  0.144
515,  486.0,  0.143
516,  485.0,  0.143
517,  484.0,  0.142
518,  483.0,  0.141
519,  482.0,  0.141
520,  481.0,  0.140
521,  480.0,  0.139
522,  479.0,  0.138
523,  478.0,  0.137
524,  477.0,  0.136
525,  476.0,  0.135
526,  475.0,  0.134
527,  474.0,  0.132
528,  473.0,  0.131
529,  472.0,  0.130
530,  471.0,  0.129
531,  470.0,  0.128
532,  469.0,  0.126
533,  468.0,  0.125
534,  467.0,  0.123
535,  466.0,  0.122
536,  465.0,  0.120
538,  463.0,  0.117
539,  462.0,  0.116
540,  461.0,  0.114
541,  460.0,  0.112
542,  459.0,  0.111
543,  458.0,  0.109
544,  457.0,  0.107
545,  456.0,  0.105
546,  455.0,  0.104
547,  454.0,  0.102
548,  453.0,  0.100
549,  452.0,  0.098
550,  451.0,  0.096
551,  450.0,  0.094
552,  449.0,  0.092
553,  448.0,  0.090
554,  447.0,  0.088
555,  446.0,  0.086
556,  445.0,  0.084
557,  444.0,  0.082
558,  443.0,  0.081
559,  442.0,  0.079
560,  441.0,  0.077
561,  440.0,  0.075
562,  439.0,  0.073
563,  438.0,  0.072
564,  437.0,  0.070
565,  436.0,  0.068
566,  435.0,  0.066
567,  434.0,  0.065
568,  433.0,  0.063
569,  432.0,  0.061
570,  431.0,  0.060
571,  430.0,  0.058
572,  429.0,  0.057
573,  428.0,  0.055
574,  427.0,  0.054
575,  426.0,  0.053
576,  425.0,  0.051
577,  424.0,  0.050
578,  423.0,  0.049
579,  422.0,  0.048
580,  421.0,  0.047
581,  420.0,  0.046
582,  419.0,  0.045
583,  418.0,  0.045
584,  417.0,  0.044
585,  416.0,  0.043
586,  415.0,  0.043
587,  414.0,  0.042
588,  413.0,  0.042
589,  412.0,  0.042
590,  411.0,  0.042
591,  410.0,  0.042
592,  409.0,  0.042
593,  408.0,  0.042
594,  407.0,  0.042
595,  406.0,  0.042
596,  405.0,  0.043
597,  404.0,  0.043
598,  403.0,  0.044
599,  402.0,  0.045
600,  401.0,  0.046
601,  400.0,  0.047
602,  399.0,  0.048
603,  398.0,  0.050
604,  397.0,  0.051
605,  396.0,  0.053
606,  395.0,  0.054
607,  394.0,  0.056
608,  393.0,  0.058
609,  392.0,  0.060
610,  391.0,  0.063
611,  390.0,  0.065
612,  389.0,  0.068
613,  388.0,  0.070
614,  387.0,  0.073
615,  386.0,  0.076
616,  385.0,  0.079
617,  384.0,  0.082
618,  383.0,  0.085
619,  382.0,  0.088
620,  381.0,  0.091
621,  380.0,  0.095
622,  379.0,  0.098
623,  378.0,  0.102
624,  377.0,  0.106
625,  376.0,  0.110
626,  375.0,  0.114
627,  374.0,  0.118
628,  373.0,  0.122
629,  372.0,  0.126
630,  371.0,  0.130
631,  370.0,  0.134
632,  369.0,  0.137
633,  368.0,  0.141
634,  367.0,  0.145
635,  366.0,  0.149
636,  365.0,  0.153
637,  364.0,  0.157
638,  363.0,  0.160
639,  362.0,  0.165
640,  361.0,  0.169
641,  360.0,  0.173
642,  359.0,  0.177
643,  358.0,  0.181
644,  357.0,  0.186
645,  356.0,  0.191
646,  355.0,  0.197
647,  354.0,  0.203
648,  353.0,  0.209
649,  352.0,  0.218
650,  351.0,  0.227
651,  350.0,  0.238
652,  349.0,  0.250
653,  348.0,  0.264
654,  347.0,  0.281
655,  346.0,  0.302
656,  345.0,  0.327
657,  344.0,  0.357
658,  343.0,  0.393
660,  341.0,  0.487
661,  340.0,  0.549
662,  339.0,  0.658
663,  338.0,  0.753
664,  337.0,  0.864
665,  336.0,  0.993
666,  335.0,  1.143
667,  334.0,  1.323
668,  333.0,  1.536
669,  332.0,  1.772
670,  331.0,  2.018
671,  330.0,  2.260
672,  329.0,  2.456
673,  328.0,  2.553
674,  327.0,  2.523
675,  326.0,  2.444
676,  325.0,  2.337
677,  324.0,  2.284
678,  323.0,  2.155
679,  322.0,  2.119
680,  321.0,  1.971
681,  320.0,  1.876
682,  319.0,  1.740
683,  318.0,  1.668
684,  317.0,  1.509
685,  316.0,  1.413
686,  315.0,  1.256
687,  314.0,  1.237
688,  313.0,  1.131
689,  312.0,  1.034
690,  311.0,  0.847
691,  310.0,  0.859
692,  309.0,  0.792
693,  308.0,  0.730
694,  307.0,  0.643
695,  306.0,  0.536
696,  305.0,  0.555
697,  304.0,  0.512
698,  303.0,  0.466
699,  302.0,  0.489
700,  301.0,  0.472
701,  300.0,  0.389
702,  299.0,  0.419
703,  298.0,  0.361
704,  297.0,  0.334
705,  296.0,  0.311
706,  295.0,  0.310
707,  294.0,  0.298
708,  293.0,  0.269
709,  292.0,  0.290
710,  291.0,  0.348
711,  290.0,  0.229
712,  289.0,  0.242
713,  288.0,  0.291
714,  287.0,  0.318
715,  286.0,  0.255
716,  285.0,  0.223
717,  284.0,  0.197
718,  283.0,  0.184
719,  282.0,  0.267
720,  281.0,  0.253
721,  280.0,  0.304
722,  279.0,  0.304
723,  278.0,  0.267
724,  277.0,  0.283
725,  276.0,  0.221
726,  275.0,  0.304
727,  274.0,  0.195
728,  273.0,  0.221
729,  272.0,  0.209
730,  271.0,  0.235
731,  270.0,  0.264
732,  269.0,  0.194
733,  268.0,  0.193
734,  267.0,  0.308
735,  266.0,  0.247
736,  265.0,  0.333
737,  264.0,  0.297
738,  263.0,  0.311
739,  262.0,  0.224
740,  261.0,  0.252
741,  260.0,  0.249
742,  259.0,  0.297
743,  258.0,  0.298
744,  257.0,  0.359
745,  256.0,  0.320
746,  255.0,  0.311
747,  254.0,  0.349
748,  253.0,  0.308
749,  252.0,  0.253
750,  251.0,  0.297
751,  250.0,  0.275
752,  249.0,  0.252
753,  248.0,  0.275
754,  247.0,  0.247
755,  246.0,  0.275
756,  245.0,  0.275
757,  244.0,  0.301
758,  243.0,  0.301
759,  242.0,  0.301
760,  241.0,  0.301
761,  240.0,  0.301
762,  239.0,  0.301
763,  238.0,  0.301
764,  237.0,  0.322
765,  236.0,  0.322
766,  235.0,  0.322
767,  234.0,  0.322
768,  233.0,  0.322
769,  232.0,  0.243
770,  231.0,  0.322
771,  230.0,  0.322
772,  229.0,  0.368
773,  228.0,  0.368
774,  227.0,  0.368
775,  226.0,  0.368
776,  225.0,  0.368
777,  224.0,  0.322
778,  223.0,  0.392
779,  222.0,  0.402
786,  215.0,  0.297
787,  214.0,  0.396
788,  213.0,  0.386
789,  212.0,  0.285
790,  211.0,  0.319
791,  210.0,  0.258
792,  209.0,  0.344
793,  208.0,  0.297
794,  207.0,  0.193
795,  206.0,  0.291
796,  205.0,  0.346
797,  204.0,  0.208
798,  203.0,  0.261
799,  202.0,  0.291
800,  201.0,  0.295
801,  200.0,  0.304
802,  199.0,  0.339
803,  198.0,  0.221
804,  197.0,  0.188
805,  196.0,  0.282
806,  195.0,  0.275
807,  194.0,  0.178
808,  193.0,  0.239
809,  192.0,  0.280
810,  191.0,  0.273
811,  190.0,  0.208
