Measure Mode: ABSORB
StartWaveLength: 1000.0
EndWaveLength:  190.0
Step:   1nm
ID, WaveLength, VALUE
1, 1000.0, -0.012
2,  999.0, -0.012
3,  998.0, -0.012
4,  997.0, -0.012
5,  996.0, -0.012
6,  995.0, -0.012
7,  994.0, -0.012
8,  993.0, -0.012
9,  992.0, -0.012
10,  991.0, -0.012
11,  990.0, -0.012
12,  989.0, -0.012
13,  988.0, -0.012
14,  987.0, -0.012
15,  986.0, -0.012
16,  985.0, -0.012
17,  984.0, -0.012
18,  983.0, -0.012
19,  982.0, -0.012
20,  981.0, -0.012
21,  980.0, -0.012
22,  979.0, -0.012
23,  978.0, -0.012
24,  977.0, -0.013
25,  976.0, -0.012
26,  975.0, -0.013
27,  974.0, -0.013
28,  973.0, -0.013
29,  972.0, -0.013
30,  971.0, -0.013
31,  970.0, -0.013
32,  969.0, -0.013
33,  968.0, -0.012
34,  967.0, -0.012
35,  966.0, -0.012
36,  965.0, -0.012
37,  964.0, -0.012
38,  963.0, -0.012
39,  962.0, -0.012
40,  961.0, -0.012
41,  960.0, -0.012
42,  959.0, -0.012
43,  958.0, -0.012
44,  957.0, -0.012
45,  956.0, -0.012
46,  955.0, -0.012
47,  954.0, -0.012
48,  953.0, -0.011
49,  952.0, -0.011
50,  951.0, -0.011
51,  950.0, -0.011
52,  949.0, -0.011
53,  948.0, -0.011
54,  947.0, -0.011
55,  946.0, -0.011
56,  945.0, -0.010
57,  944.0, -0.010
58,  943.0, -0.010
59,  942.0, -0.010
60,  941.0, -0.010
61,  940.0, -0.010
62,  939.0, -0.010
63,  938.0, -0.010
64,  937.0, -0.010
65,  936.0, -0.010
66,  935.0, -0.010
67,  934.0, -0.010
68,  933.0, -0.010
69,  932.0, -0.010
70,  931.0, -0.010
71,  930.0, -0.010
72,  929.0, -0.010
73,  928.0, -0.010
74,  927.0, -0.010
75,  926.0, -0.010
76,  925.0, -0.010
77,  924.0, -0.010
78,  923.0, -0.010
79,  922.0, -0.010
80,  921.0, -0.010
81,  920.0, -0.010
82,  919.0, -0.010
83,  918.0, -0.010
84,  917.0, -0.010
85,  916.0, -0.010
86,  915.0, -0.010
87,  914.0, -0.010
88,  913.0, -0.010
89,  912.0, -0.010
90,  911.0, -0.010
91,  910.0, -0.010
92,  909.0, -0.010
93,  908.0, -0.010
94,  907.0, -0.010
95,  906.0, -0.010
96,  905.0, -0.010
97,  904.0, -0.010
98,  903.0, -0.010
99,  902.0, -0.010
100,  901.0, -0.010
101,  900.0, -0.010
102,  899.0, -0.010
103,  898.0, -0.010
104,  897.0, -0.010
105,  896.0, -0.010
106,  895.0, -0.010
107,  894.0, -0.010
108,  893.0, -0.010
109,  892.0, -0.010
110,  891.0, -0.010
111,  890.0, -0.010
112,  889.0, -0.010
113,  888.0, -0.010
114,  887.0, -0.010
115,  886.0, -0.010
116,  885.0, -0.010
117,  884.0, -0.010
118,  883.0, -0.010
119,  882.0, -0.010
120,  881.0, -0.010
121,  880.0, -0.010
122,  879.0, -0.010
123,  878.0, -0.010
124,  877.0, -0.010
125,  876.0, -0.010
126,  875.0, -0.010
127,  874.0, -0.010
128,  873.0, -0.010
129,  872.0, -0.010
130,  871.0, -0.010
131,  870.0, -0.010
132,  869.0, -0.010
133,  868.0, -0.010
134,  867.0, -0.010
135,  866.0, -0.010
136,  865.0, -0.010
137,  864.0, -0.010
138,  863.0, -0.010
139,  862.0, -0.010
140,  861.0, -0.010
141,  860.0, -0.010
142,  859.0, -0.010
143,  858.0, -0.010
144,  857.0, -0.010
145,  856.0, -0.010
146,  855.0, -0.010
147,  854.0, -0.010
148,  853.0, -0.010
149,  852.0, -0.010
150,  851.0, -0.010
151,  850.0, -0.010
152,  849.0, -0.010
153,  848.0, -0.010
154,  847.0, -0.010
155,  846.0, -0.010
156,  845.0, -0.010
157,  844.0, -0.010
158,  843.0, -0.010
159,  842.0, -0.010
160,  841.0, -0.010
161,  840.0, -0.010
162,  839.0, -0.010
163,  838.0, -0.010
164,  837.0, -0.010
165,  836.0, -0.010
166,  835.0, -0.010
167,  834.0, -0.010
168,  833.0, -0.010
169,  832.0, -0.010
170,  831.0, -0.010
171,  830.0, -0.010
172,  829.0, -0.010
173,  828.0, -0.010
174,  827.0, -0.010
175,  826.0, -0.010
176,  825.0, -0.010
177,  824.0, -0.010
178,  823.0, -0.010
179,  822.0, -0.010
180,  821.0, -0.010
181,  820.0, -0.010
182,  819.0, -0.010
183,  818.0, -0.010
184,  817.0, -0.010
185,  816.0, -0.010
186,  815.0, -0.010
187,  814.0, -0.010
188,  813.0, -0.010
189,  812.0, -0.010
190,  811.0, -0.010
191,  810.0, -0.010
192,  809.0, -0.010
193,  808.0, -0.010
194,  807.0, -0.010
195,  806.0, -0.010
196,  805.0, -0.010
197,  804.0, -0.010
198,  803.0, -0.010
199,  802.0, -0.010
200,  801.0, -0.010
201,  800.0, -0.010
202,  799.0, -0.010
203,  798.0, -0.011
204,  797.0, -0.011
205,  796.0, -0.011
206,  795.0, -0.011
207,  794.0, -0.011
208,  793.0, -0.011
209,  792.0, -0.011
210,  791.0, -0.011
211,  790.0, -0.011
212,  789.0, -0.011
213,  788.0, -0.011
214,  787.0, -0.011
215,  786.0, -0.011
216,  785.0, -0.011
217,  784.0, -0.011
218,  783.0, -0.011
219,  782.0, -0.011
220,  781.0, -0.011
221,  780.0, -0.011
222,  779.0, -0.011
223,  778.0, -0.011
224,  777.0, -0.011
225,  776.0, -0.011
226,  775.0, -0.011
227,  774.0, -0.011
228,  773.0, -0.011
229,  772.0, -0.011
230,  771.0, -0.011
231,  770.0, -0.011
232,  769.0, -0.011
233,  768.0, -0.011
234,  767.0, -0.011
235,  766.0, -0.011
236,  765.0, -0.011
237,  764.0, -0.011
238,  763.0, -0.011
239,  762.0, -0.011
240,  761.0, -0.011
241,  760.0, -0.011
242,  759.0, -0.011
243,  758.0, -0.011
244,  757.0, -0.011
245,  756.0, -0.011
246,  755.0, -0.011
247,  754.0, -0.011
248,  753.0, -0.011
249,  752.0, -0.011
250,  751.0, -0.011
251,  750.0, -0.011
252,  749.0, -0.011
253,  748.0, -0.011
254,  747.0, -0.011
255,  746.0, -0.011
256,  745.0, -0.011
257,  744.0, -0.011
258,  743.0, -0.011
259,  742.0, -0.011
260,  741.0, -0.011
261,  740.0, -0.011
262,  739.0, -0.011
263,  738.0, -0.011
264,  737.0, -0.011
265,  736.0, -0.011
266,  735.0, -0.011
267,  734.0, -0.011
268,  733.0, -0.011
269,  732.0, -0.011
270,  731.0, -0.011
271,  730.0, -0.011
272,  729.0, -0.011
273,  728.0, -0.011
274,  727.0, -0.011
275,  726.0, -0.011
276,  725.0, -0.011
277,  724.0, -0.011
279,  722.0, -0.011
280,  721.0, -0.011
281,  720.0, -0.011
282,  719.0, -0.011
283,  718.0, -0.011
284,  717.0, -0.011
285,  716.0, -0.011
286,  715.0, -0.011
287,  714.0, -0.011
288,  713.0, -0.011
289,  712.0, -0.011
290,  711.0, -0.011
291,  710.0, -0.011
292,  709.0, -0.011
293,  708.0, -0.011
294,  707.0, -0.011
295,  706.0, -0.011
296,  705.0, -0.010
297,  704.0, -0.011
298,  703.0, -0.010
299,  702.0, -0.010
300,  701.0, -0.010
301,  700.0, -0.010
302,  699.0, -0.010
303,  698.0, -0.010
304,  697.0, -0.010
305,  696.0, -0.010
306,  695.0, -0.010
307,  694.0, -0.010
308,  693.0, -0.010
309,  692.0, -0.010
310,  691.0, -0.010
311,  690.0, -0.010
312,  689.0, -0.010
313,  688.0, -0.010
314,  687.0, -0.010
315,  686.0, -0.010
316,  685.0, -0.010
317,  684.0, -0.010
318,  683.0, -0.010
319,  682.0, -0.010
320,  681.0, -0.009
321,  680.0, -0.009
322,  679.0, -0.009
323,  678.0, -0.009
324,  677.0, -0.009
325,  676.0, -0.009
326,  675.0, -0.009
327,  674.0, -0.009
328,  673.0, -0.009
329,  672.0, -0.009
330,  671.0, -0.009
331,  670.0, -0.009
332,  669.0, -0.009
333,  668.0, -0.009
334,  667.0, -0.008
335,  666.0, -0.008
336,  665.0, -0.008
337,  664.0, -0.008
338,  663.0, -0.008
339,  662.0, -0.008
340,  661.0, -0.008
341,  660.0, -0.008
342,  659.0, -0.008
343,  658.0, -0.008
344,  657.0, -0.007
345,  656.0, -0.007
346,  655.0, -0.007
347,  654.0, -0.007
348,  653.0, -0.007
349,  652.0, -0.007
350,  651.0, -0.006
351,  650.0, -0.006
352,  649.0, -0.006
353,  648.0, -0.006
354,  647.0, -0.005
355,  646.0, -0.005
356,  645.0, -0.005
357,  644.0, -0.005
358,  643.0, -0.004
359,  642.0, -0.004
360,  641.0, -0.004
362,  639.0, -0.003
363,  638.0, -0.003
364,  637.0, -0.002
365,  636.0, -0.002
366,  635.0, -0.001
367,  634.0, -0.001
368,  633.0, -0.001
369,  632.0, -0.000
370,  631.0,  0.001
371,  630.0,  0.001
372,  629.0,  0.002
373,  628.0,  0.002
374,  627.0,  0.003
375,  626.0,  0.004
376,  625.0,  0.004
377,  624.0,  0.005
378,  623.0,  0.006
379,  622.0,  0.007
380,  621.0,  0.008
381,  620.0,  0.009
382,  619.0,  0.010
383,  618.0,  0.011
384,  617.0,  0.012
385,  616.0,  0.013
386,  615.0,  0.014
387,  614.0,  0.016
388,  613.0,  0.017
389,  612.0,  0.018
390,  611.0,  0.020
391,  610.0,  0.021
392,  609.0,  0.023
393,  608.0,  0.025
394,  607.0,  0.026
395,  606.0,  0.028
396,  605.0,  0.030
397,  604.0,  0.032
398,  603.0,  0.034
399,  602.0,  0.036
400,  601.0,  0.038
401,  600.0,  0.040
402,  599.0,  0.043
403,  598.0,  0.045
404,  597.0,  0.047
405,  596.0,  0.050
406,  595.0,  0.053
407,  594.0,  0.056
408,  593.0,  0.058
409,  592.0,  0.061
410,  591.0,  0.064
411,  590.0,  0.067
412,  589.0,  0.070
413,  588.0,  0.074
414,  587.0,  0.077
415,  586.0,  0.080
416,  585.0,  0.083
417,  584.0,  0.087
418,  583.0,  0.091
419,  582.0,  0.095
420,  581.0,  0.098
421,  580.0,  0.102
422,  579.0,  0.106
423,  578.0,  0.110
424,  577.0,  0.114
425,  576.0,  0.117
426,  575.0,  0.121
427,  574.0,  0.125
428,  573.0,  0.129
429,  572.0,  0.133
430,  571.0,  0.137
431,  570.0,  0.141
432,  569.0,  0.146
433,  568.0,  0.150
434,  567.0,  0.154
435,  566.0,  0.158
436,  565.0,  0.162
437,  564.0,  0.166
438,  563.0,  0.170
439,  562.0,  0.173
440,  561.0,  0.178
441,  560.0,  0.181
442,  559.0,  0.185
444,  557.0,  0.193
445,  556.0,  0.197
446,  555.0,  0.200
447,  554.0,  0.204
448,  553.0,  0.207
449,  552.0,  0.210
450,  551.0,  0.214
451,  550.0,  0.217
452,  549.0,  0.220
453,  548.0,  0.223
454,  547.0,  0.226
455,  546.0,  0.228
456,  545.0,  0.231
457,  544.0,  0.234
458,  543.0,  0.236
459,  542.0,  0.238
460,  541.0,  0.240
461,  540.0,  0.242
462,  539.0,  0.244
463,  538.0,  0.246
464,  537.0,  0.248
465,  536.0,  0.249
466,  535.0,  0.251
467,  534.0,  0.252
468,  533.0,  0.253
469,  532.0,  0.254
470,  531.0,  0.255
471,  530.0,  0.256
472,  529.0,  0.257
473,  528.0,  0.257
474,  527.0,  0.258
475,  526.0,  0.258
476,  525.0,  0.258
477,  524.0,  0.259
478,  523.0,  0.258
479,  522.0,  0.258
480,  521.0,  0.258
481,  520.0,  0.258
482,  519.0,  0.258
483,  518.0,  0.257
484,  517.0,  0.257
485,  516.0,  0.256
486,  515.0,  0.255
487,  514.0,  0.255
488,  513.0,  0.254
489,  512.0,  0.253
490,  511.0,  0.252
491,  510.0,  0.251
492,  509.0,  0.250
493,  508.0,  0.249
494,  507.0,  0.247
495,  506.0,  0.246
496,  505.0,  0.245
497,  504.0,  0.244
498,  503.0,  0.242
499,  502.0,  0.241
500,  501.0,  0.239
501,  500.0,  0.238
502,  499.0,  0.236
503,  498.0,  0.235
504,  497.0,  0.233
505,  496.0,  0.232
506,  495.0,  0.230
507,  494.0,  0.228
508,  493.0,  0.227
509,  492.0,  0.225
510,  491.0,  0.223
511,  490.0,  0.221
512,  489.0,  0.220
513,  488.0,  0.218
514,  487.0,  0.216
515,  486.0,  0.214
516,  485.0,  0.212
517,  484.0,  0.210
518,  483.0,  0.208
519,  482.0,  0.206
520,  481.0,  0.204
521,  480.0,  0.202
522,  479.0,  0.200
523,  478.0,  0.198
524,  477.0,  0.196
525,  476.0,  0.193
532,  469.0,  0.176
533,  468.0,  0.174
534,  467.0,  0.171
535,  466.0,  0.168
536,  465.0,  0.166
537,  464.0,  0.163
538,  463.0,  0.160
539,  462.0,  0.157
540,  461.0,  0.154
541,  460.0,  0.151
542,  459.0,  0.148
543,  458.0,  0.145
544,  457.0,  0.142
545,  456.0,  0.139
546,  455.0,  0.136
547,  454.0,  0.133
548,  453.0,  0.130
549,  452.0,  0.127
550,  451.0,  0.124
551,  450.0,  0.121
552,  449.0,  0.118
553,  448.0,  0.114
554,  447.0,  0.111
555,  446.0,  0.108
556,  445.0,  0.105
557,  444.0,  0.102
558,  443.0,  0.099
559,  442.0,  0.096
560,  441.0,  0.093
561,  440.0,  0.090
562,  439.0,  0.088
563,  438.0,  0.085
564,  437.0,  0.082
565,  436.0,  0.079
566,  435.0,  0.077
567,  434.0,  0.074
568,  433.0,  0.072
569,  432.0,  0.070
570,  431.0,  0.068
571,  430.0,  0.066
572,  429.0,  0.064
573,  428.0,  0.062
574,  427.0,  0.060
575,  426.0,  0.058
576,  425.0,  0.057
577,  424.0,  0.055
578,  423.0,  0.054
579,  422.0,  0.053
580,  421.0,  0.051
581,  420.0,  0.051
582,  419.0,  0.050
583,  418.0,  0.049
584,  417.0,  0.049
585,  416.0,  0.049
586,  415.0,  0.049
587,  414.0,  0.049
588,  413.0,  0.049
589,  412.0,  0.050
590,  411.0,  0.051
591,  410.0,  0.052
592,  409.0,  0.053
593,  408.0,  0.054
594,  407.0,  0.056
595,  406.0,  0.058
596,  405.0,  0.060
597,  404.0,  0.063
598,  403.0,  0.065
599,  402.0,  0.068
600,  401.0,  0.071
601,  400.0,  0.075
602,  399.0,  0.079
603,  398.0,  0.082
604,  397.0,  0.087
605,  396.0,  0.091
606,  395.0,  0.095
607,  394.0,  0.100
608,  393.0,  0.105
609,  392.0,  0.110
610,  391.0,  0.115
611,  390.0,  0.121
612,  389.0,  0.126
613,  388.0,  0.132
614,  387.0,  0.138
615,  386.0,  0.144
616,  385.0,  0.149
617,  384.0,  0.155
618,  383.0,  0.161
619,  382.0,  0.166
620,  381.0,  0.173
621,  380.0,  0.179
622,  379.0,  0.184
623,  378.0,  0.190
624,  377.0,  0.196
625,  376.0,  0.202
626,  375.0,  0.208
627,  374.0,  0.213
628,  373.0,  0.218
629,  372.0,  0.222
630,  371.0,  0.227
631,  370.0,  0.231
632,  369.0,  0.234
633,  368.0,  0.238
634,  367.0,  0.241
635,  366.0,  0.244
636,  365.0,  0.246
637,  364.0,  0.248
638,  363.0,  0.249
639,  362.0,  0.250
640,  361.0,  0.251
641,  360.0,  0.251
642,  359.0,  0.251
643,  358.0,  0.250
644,  357.0,  0.249
645,  356.0,  0.248
646,  355.0,  0.246
647,  354.0,  0.243
648,  353.0,  0.240
649,  352.0,  0.237
650,  351.0,  0.234
651,  350.0,  0.230
652,  349.0,  0.226
654,  347.0,  0.217
655,  346.0,  0.211
656,  345.0,  0.206
657,  344.0,  0.200
658,  343.0,  0.194
659,  342.0,  0.188
660,  341.0,  0.181
661,  340.0,  0.174
662,  339.0,  0.163
663,  338.0,  0.156
664,  337.0,  0.149
665,  336.0,  0.141
666,  335.0,  0.134
667,  334.0,  0.126
668,  333.0,  0.117
669,  332.0,  0.109
670,  331.0,  0.100
671,  330.0,  0.091
672,  329.0,  0.083
673,  328.0,  0.074
674,  327.0,  0.065
675,  326.0,  0.055
676,  325.0,  0.046
677,  324.0,  0.036
678,  323.0,  0.027
679,  322.0,  0.018
680,  321.0,  0.008
681,  320.0, -0.003
682,  319.0, -0.010
683,  318.0, -0.018
684,  317.0, -0.026
685,  316.0, -0.032
686,  315.0, -0.038
687,  314.0, -0.045
688,  313.0, -0.043
689,  312.0, -0.045
690,  311.0, -0.041
691,  310.0, -0.038
692,  309.0, -0.033
693,  308.0, -0.029
694,  307.0, -0.008
695,  306.0,  0.000
696,  305.0, -0.014
697,  304.0, -0.005
698,  303.0,  0.005
699,  302.0,  0.040
700,  301.0,  0.032
701,  300.0,  0.022
702,  299.0,  0.000
703,  298.0, -0.002
704,  297.0, -0.001
705,  296.0,  0.024
706,  295.0,  0.048
707,  294.0,  0.025
708,  293.0, -0.004
709,  292.0, -0.049
710,  291.0,  0.011
711,  290.0, -0.017
712,  289.0,  0.050
713,  288.0,  0.007
714,  287.0,  0.033
715,  286.0,  0.051
716,  285.0,  0.075
717,  284.0,  0.038
718,  283.0,  0.082
719,  282.0,  0.093
720,  281.0,  0.130
721,  280.0,  0.143
722,  279.0,  0.143
723,  278.0,  0.173
724,  277.0,  0.272
725,  276.0,  0.209
726,  275.0,  0.269
727,  274.0,  0.281
728,  273.0,  0.361
729,  272.0,  0.307
730,  271.0,  0.283
731,  270.0,  0.339
732,  269.0,  0.326
733,  268.0,  0.313
734,  267.0,  0.449
735,  266.0,  0.360
736,  265.0,  0.423
737,  264.0,  0.449
738,  263.0,  0.476
739,  262.0,  0.435
740,  261.0,  0.463
741,  260.0,  0.448
742,  259.0,  0.450
743,  258.0,  0.407
744,  257.0,  0.426
745,  256.0,  0.451
746,  255.0,  0.385
747,  254.0,  0.463
748,  253.0,  0.462
749,  252.0,  0.418
750,  251.0,  0.461
751,  250.0,  0.326
752,  249.0,  0.451
753,  248.0,  0.451
754,  247.0,  0.377
755,  246.0,  0.349
756,  245.0,  0.349
757,  244.0,  0.376
758,  243.0,  0.376
759,  242.0,  0.376
760,  241.0,  0.376
761,  240.0,  0.376
762,  239.0,  0.398
763,  238.0,  0.376
764,  237.0,  0.398
765,  236.0,  0.398
766,  235.0,  0.398
767,  234.0,  0.398
768,  233.0,  0.398
769,  232.0,  0.376
770,  231.0,  0.523
771,  230.0,  0.523
772,  229.0,  0.444
773,  228.0,  0.444
774,  227.0,  0.444
775,  226.0,  0.444
776,  225.0,  0.444
777,  224.0,  0.398
778,  223.0,  0.557
779,  222.0,  0.536
780,  221.0,  0.464
781,  220.0,  0.513
782,  219.0,  0.487
783,  218.0,  0.498
784,  217.0,  0.501
785,  216.0,  0.472
786,  215.0,  0.462
787,  214.0,  0.488
788,  213.0,  0.488
789,  212.0,  0.359
790,  211.0,  0.450
791,  210.0,  0.355
792,  209.0,  0.446
793,  208.0,  0.450
794,  207.0,  0.301
795,  206.0,  0.338
796,  205.0,  0.436
797,  204.0,  0.452
798,  203.0,  0.334
799,  202.0,  0.316
800,  201.0,  0.403
801,  200.0,  0.376
802,  199.0,  0.415
803,  198.0,  0.428
804,  197.0,  0.268
805,  196.0,  0.353
806,  195.0,  0.451
807,  194.0,  0.328
808,  193.0,  0.430
809,  192.0,  0.379
810,  191.0,  0.377
811,  190.0,  0.306
