Measure Mode: ABSORB
StartWaveLength: 1000.0
EndWaveLength:  190.0
Step:   1nm
ID, WaveLength, VALUE
1, 1000.0, -0.012
2,  999.0, -0.012
3,  998.0, -0.012
4,  997.0, -0.012
5,  996.0, -0.012
6,  995.0, -0.012
7,  994.0, -0.012
8,  993.0, -0.012
9,  992.0, -0.012
10,  991.0, -0.012
11,  990.0, -0.012
12,  989.0, -0.012
13,  988.0, -0.012
14,  987.0, -0.012
15,  986.0, -0.012
16,  985.0, -0.012
17,  984.0, -0.013
18,  983.0, -0.013
19,  982.0, -0.013
20,  981.0, -0.013
21,  980.0, -0.013
22,  979.0, -0.013
23,  978.0, -0.013
24,  977.0, -0.013
25,  976.0, -0.013
26,  975.0, -0.013
27,  974.0, -0.013
28,  973.0, -0.013
29,  972.0, -0.013
30,  971.0, -0.013
31,  970.0, -0.013
32,  969.0, -0.013
33,  968.0, -0.013
34,  967.0, -0.013
35,  966.0, -0.013
36,  965.0, -0.013
37,  964.0, -0.013
38,  963.0, -0.013
39,  962.0, -0.013
40,  961.0, -0.013
41,  960.0, -0.013
42,  959.0, -0.013
43,  958.0, -0.013
44,  957.0, -0.012
45,  956.0, -0.012
46,  955.0, -0.012
47,  954.0, -0.012
48,  953.0, -0.012
49,  952.0, -0.012
50,  951.0, -0.012
51,  950.0, -0.011
52,  949.0, -0.011
53,  948.0, -0.011
54,  947.0, -0.011
55,  946.0, -0.011
56,  945.0, -0.011
57,  944.0, -0.011
58,  943.0, -0.011
59,  942.0, -0.011
60,  941.0, -0.010
61,  940.0, -0.010
62,  939.0, -0.010
63,  938.0, -0.010
64,  937.0, -0.010
65,  936.0, -0.010
66,  935.0, -0.010
67,  934.0, -0.010
68,  933.0, -0.010
69,  932.0, -0.010
70,  931.0, -0.010
71,  930.0, -0.010
72,  929.0, -0.010
73,  928.0, -0.010
74,  927.0, -0.010
75,  926.0, -0.010
76,  925.0, -0.009
77,  924.0, -0.009
78,  923.0, -0.009
79,  922.0, -0.009
80,  921.0, -0.009
81,  920.0, -0.009
82,  919.0, -0.009
83,  918.0, -0.009
84,  917.0, -0.009
85,  916.0, -0.009
86,  915.0, -0.009
87,  914.0, -0.009
88,  913.0, -0.009
89,  912.0, -0.009
90,  911.0, -0.009
91,  910.0, -0.009
92,  909.0, -0.009
93,  908.0, -0.009
94,  907.0, -0.009
95,  906.0, -0.009
96,  905.0, -0.009
97,  904.0, -0.009
98,  903.0, -0.009
99,  902.0, -0.009
100,  901.0, -0.009
101,  900.0, -0.009
102,  899.0, -0.009
103,  898.0, -0.009
104,  897.0, -0.009
105,  896.0, -0.009
106,  895.0, -0.009
107,  894.0, -0.009
108,  893.0, -0.009
109,  892.0, -0.009
110,  891.0, -0.009
111,  890.0, -0.009
112,  889.0, -0.009
113,  888.0, -0.009
114,  887.0, -0.009
115,  886.0, -0.009
116,  885.0, -0.009
117,  884.0, -0.008
118,  883.0, -0.009
119,  882.0, -0.008
120,  881.0, -0.008
121,  880.0, -0.009
122,  879.0, -0.008
123,  878.0, -0.009
124,  877.0, -0.009
125,  876.0, -0.009
126,  875.0, -0.009
127,  874.0, -0.009
128,  873.0, -0.009
129,  872.0, -0.009
130,  871.0, -0.009
131,  870.0, -0.009
132,  869.0, -0.009
133,  868.0, -0.009
134,  867.0, -0.009
135,  866.0, -0.009
136,  865.0, -0.009
137,  864.0, -0.009
138,  863.0, -0.009
139,  862.0, -0.009
140,  861.0, -0.009
141,  860.0, -0.009
142,  859.0, -0.009
143,  858.0, -0.009
144,  857.0, -0.009
145,  856.0, -0.009
146,  855.0, -0.009
147,  854.0, -0.009
148,  853.0, -0.009
149,  852.0, -0.009
150,  851.0, -0.009
151,  850.0, -0.009
152,  849.0, -0.009
153,  848.0, -0.009
154,  847.0, -0.009
155,  846.0, -0.009
156,  845.0, -0.009
157,  844.0, -0.009
158,  843.0, -0.009
159,  842.0, -0.009
160,  841.0, -0.009
161,  840.0, -0.009
162,  839.0, -0.009
163,  838.0, -0.009
164,  837.0, -0.009
165,  836.0, -0.009
166,  835.0, -0.009
167,  834.0, -0.009
168,  833.0, -0.009
169,  832.0, -0.009
170,  831.0, -0.009
171,  830.0, -0.009
172,  829.0, -0.009
173,  828.0, -0.009
174,  827.0, -0.009
175,  826.0, -0.009
176,  825.0, -0.009
177,  824.0, -0.009
178,  823.0, -0.009
179,  822.0, -0.009
180,  821.0, -0.009
181,  820.0, -0.009
182,  819.0, -0.009
183,  818.0, -0.008
184,  817.0, -0.008
185,  816.0, -0.008
186,  815.0, -0.008
187,  814.0, -0.008
188,  813.0, -0.008
189,  812.0, -0.008
190,  811.0, -0.008
191,  810.0, -0.008
192,  809.0, -0.008
193,  808.0, -0.008
194,  807.0, -0.008
195,  806.0, -0.008
196,  805.0, -0.008
197,  804.0, -0.008
198,  803.0, -0.008
199,  802.0, -0.008
200,  801.0, -0.008
201,  800.0, -0.008
202,  799.0, -0.008
203,  798.0, -0.008
204,  797.0, -0.008
205,  796.0, -0.008
206,  795.0, -0.007
207,  794.0, -0.007
208,  793.0, -0.007
209,  792.0, -0.007
210,  791.0, -0.007
211,  790.0, -0.007
212,  789.0, -0.007
213,  788.0, -0.007
214,  787.0, -0.007
215,  786.0, -0.007
216,  785.0, -0.007
217,  784.0, -0.007
218,  783.0, -0.007
219,  782.0, -0.007
220,  781.0, -0.007
221,  780.0, -0.007
222,  779.0, -0.007
223,  778.0, -0.007
224,  777.0, -0.007
225,  776.0, -0.007
226,  775.0, -0.007
227,  774.0, -0.007
228,  773.0, -0.007
229,  772.0, -0.007
230,  771.0, -0.007
231,  770.0, -0.007
232,  769.0, -0.007
233,  768.0, -0.007
234,  767.0, -0.007
235,  766.0, -0.007
236,  765.0, -0.007
237,  764.0, -0.007
238,  763.0, -0.007
239,  762.0, -0.008
240,  761.0, -0.008
241,  760.0, -0.008
242,  759.0, -0.008
243,  758.0, -0.008
244,  757.0, -0.008
245,  756.0, -0.008
246,  755.0, -0.008
247,  754.0, -0.008
248,  753.0, -0.008
249,  752.0, -0.008
250,  751.0, -0.008
251,  750.0, -0.008
252,  749.0, -0.008
253,  748.0, -0.009
254,  747.0, -0.009
255,  746.0, -0.009
256,  745.0, -0.009
257,  744.0, -0.009
258,  743.0, -0.009
259,  742.0, -0.009
260,  741.0, -0.009
261,  740.0, -0.009
262,  739.0, -0.009
263,  738.0, -0.009
264,  737.0, -0.009
265,  736.0, -0.009
266,  735.0, -0.009
267,  734.0, -0.009
268,  733.0, -0.009
269,  732.0, -0.009
270,  731.0, -0.009
271,  730.0, -0.009
272,  729.0, -0.009
273,  728.0, -0.009
274,  727.0, -0.009
275,  726.0, -0.009
276,  725.0, -0.009
277,  724.0, -0.009
278,  723.0, -0.009
279,  722.0, -0.010
280,  721.0, -0.010
281,  720.0, -0.010
282,  719.0, -0.010
283,  718.0, -0.010
284,  717.0, -0.010
285,  716.0, -0.010
286,  715.0, -0.010
287,  714.0, -0.010
288,  713.0, -0.010
289,  712.0, -0.010
290,  711.0, -0.010
291,  710.0, -0.010
292,  709.0, -0.010
293,  708.0, -0.011
294,  707.0, -0.011
295,  706.0, -0.011
296,  705.0, -0.011
297,  704.0, -0.011
298,  703.0, -0.011
299,  702.0, -0.011
300,  701.0, -0.011
301,  700.0, -0.011
302,  699.0, -0.011
303,  698.0, -0.011
304,  697.0, -0.011
305,  696.0, -0.011
306,  695.0, -0.011
307,  694.0, -0.011
308,  693.0, -0.011
309,  692.0, -0.011
310,  691.0, -0.011
311,  690.0, -0.011
312,  689.0, -0.011
313,  688.0, -0.010
314,  687.0, -0.010
315,  686.0, -0.010
316,  685.0, -0.010
317,  684.0, -0.010
318,  683.0, -0.010
319,  682.0, -0.010
320,  681.0, -0.010
321,  680.0, -0.010
322,  679.0, -0.010
323,  678.0, -0.010
324,  677.0, -0.010
325,  676.0, -0.010
326,  675.0, -0.010
327,  674.0, -0.010
328,  673.0, -0.009
329,  672.0, -0.009
330,  671.0, -0.009
331,  670.0, -0.009
332,  669.0, -0.009
333,  668.0, -0.009
334,  667.0, -0.009
335,  666.0, -0.009
336,  665.0, -0.009
337,  664.0, -0.009
338,  663.0, -0.009
339,  662.0, -0.008
340,  661.0, -0.008
341,  660.0, -0.008
342,  659.0, -0.008
343,  658.0, -0.008
344,  657.0, -0.008
345,  656.0, -0.008
346,  655.0, -0.007
347,  654.0, -0.007
348,  653.0, -0.007
349,  652.0, -0.007
350,  651.0, -0.007
351,  650.0, -0.006
352,  649.0, -0.006
353,  648.0, -0.006
354,  647.0, -0.006
355,  646.0, -0.005
356,  645.0, -0.005
357,  644.0, -0.005
358,  643.0, -0.004
359,  642.0, -0.004
360,  641.0, -0.004
361,  640.0, -0.003
362,  639.0, -0.003
363,  638.0, -0.003
364,  637.0, -0.002
365,  636.0, -0.002
366,  635.0, -0.001
367,  634.0, -0.001
368,  633.0, -0.000
369,  632.0,  0.000
370,  631.0,  0.001
371,  630.0,  0.001
372,  629.0,  0.002
373,  628.0,  0.002
374,  627.0,  0.003
375,  626.0,  0.004
376,  625.0,  0.005
377,  624.0,  0.005
378,  623.0,  0.006
379,  622.0,  0.007
380,  621.0,  0.008
381,  620.0,  0.009
382,  619.0,  0.010
383,  618.0,  0.011
384,  617.0,  0.012
385,  616.0,  0.013
386,  615.0,  0.014
387,  614.0,  0.016
388,  613.0,  0.017
389,  612.0,  0.018
390,  611.0,  0.020
391,  610.0,  0.021
392,  609.0,  0.023
393,  608.0,  0.024
394,  607.0,  0.026
395,  606.0,  0.028
396,  605.0,  0.030
397,  604.0,  0.031
398,  603.0,  0.033
399,  602.0,  0.036
400,  601.0,  0.038
401,  600.0,  0.040
402,  599.0,  0.042
403,  598.0,  0.044
404,  597.0,  0.047
405,  596.0,  0.049
406,  595.0,  0.052
407,  594.0,  0.055
408,  593.0,  0.057
409,  592.0,  0.060
410,  591.0,  0.063
411,  590.0,  0.066
412,  589.0,  0.069
413,  588.0,  0.072
414,  587.0,  0.075
415,  586.0,  0.078
416,  585.0,  0.082
417,  584.0,  0.086
418,  583.0,  0.089
419,  582.0,  0.093
420,  581.0,  0.097
421,  580.0,  0.100
422,  579.0,  0.104
423,  578.0,  0.108
424,  577.0,  0.112
425,  576.0,  0.115
426,  575.0,  0.119
427,  574.0,  0.123
428,  573.0,  0.127
429,  572.0,  0.131
430,  571.0,  0.135
431,  570.0,  0.139
432,  569.0,  0.143
433,  568.0,  0.147
434,  567.0,  0.151
435,  566.0,  0.155
436,  565.0,  0.159
437,  564.0,  0.163
438,  563.0,  0.167
439,  562.0,  0.171
440,  561.0,  0.175
441,  560.0,  0.179
442,  559.0,  0.183
443,  558.0,  0.186
444,  557.0,  0.190
445,  556.0,  0.194
446,  555.0,  0.198
447,  554.0,  0.201
448,  553.0,  0.205
449,  552.0,  0.208
450,  551.0,  0.211
451,  550.0,  0.214
452,  549.0,  0.217
453,  548.0,  0.220
454,  547.0,  0.223
455,  546.0,  0.226
456,  545.0,  0.229
457,  544.0,  0.232
458,  543.0,  0.234
459,  542.0,  0.236
460,  541.0,  0.239
461,  540.0,  0.241
462,  539.0,  0.243
463,  538.0,  0.245
464,  537.0,  0.246
465,  536.0,  0.248
466,  535.0,  0.250
467,  534.0,  0.251
468,  533.0,  0.253
469,  532.0,  0.254
470,  531.0,  0.255
471,  530.0,  0.256
472,  529.0,  0.257
473,  528.0,  0.257
474,  527.0,  0.258
475,  526.0,  0.258
476,  525.0,  0.259
477,  524.0,  0.259
478,  523.0,  0.259
479,  522.0,  0.259
480,  521.0,  0.259
481,  520.0,  0.259
482,  519.0,  0.259
483,  518.0,  0.259
484,  517.0,  0.258
485,  516.0,  0.258
486,  515.0,  0.257
487,  514.0,  0.257
488,  513.0,  0.256
489,  512.0,  0.255
490,  511.0,  0.254
491,  510.0,  0.253
492,  509.0,  0.253
493,  508.0,  0.252
494,  507.0,  0.251
495,  506.0,  0.249
496,  505.0,  0.248
497,  504.0,  0.247
498,  503.0,  0.246
499,  502.0,  0.245
500,  501.0,  0.243
501,  500.0,  0.242
502,  499.0,  0.240
503,  498.0,  0.239
504,  497.0,  0.238
505,  496.0,  0.236
506,  495.0,  0.234
507,  494.0,  0.233
508,  493.0,  0.231
509,  492.0,  0.230
510,  491.0,  0.228
511,  490.0,  0.226
512,  489.0,  0.224
513,  488.0,  0.223
514,  487.0,  0.221
515,  486.0,  0.219
516,  485.0,  0.217
517,  484.0,  0.215
518,  483.0,  0.213
519,  482.0,  0.211
520,  481.0,  0.209
521,  480.0,  0.207
522,  479.0,  0.205
523,  478.0,  0.203
524,  477.0,  0.201
525,  476.0,  0.198
526,  475.0,  0.196
527,  474.0,  0.194
528,  473.0,  0.191
529,  472.0,  0.189
530,  471.0,  0.186
531,  470.0,  0.184
532,  469.0,  0.181
533,  468.0,  0.178
534,  467.0,  0.176
535,  466.0,  0.173
536,  465.0,  0.170
537,  464.0,  0.168
538,  463.0,  0.165
539,  462.0,  0.162
540,  461.0,  0.159
541,  460.0,  0.156
542,  459.0,  0.153
543,  458.0,  0.150
544,  457.0,  0.147
545,  456.0,  0.144
546,  455.0,  0.141
547,  454.0,  0.138
548,  453.0,  0.134
549,  452.0,  0.131
550,  451.0,  0.128
551,  450.0,  0.125
552,  449.0,  0.122
553,  448.0,  0.118
554,  447.0,  0.115
555,  446.0,  0.112
556,  445.0,  0.109
557,  444.0,  0.106
558,  443.0,  0.103
559,  442.0,  0.100
560,  441.0,  0.097
561,  440.0,  0.094
562,  439.0,  0.091
563,  438.0,  0.088
564,  437.0,  0.086
565,  436.0,  0.083
566,  435.0,  0.080
567,  434.0,  0.078
568,  433.0,  0.075
569,  432.0,  0.073
570,  431.0,  0.071
571,  430.0,  0.069
573,  428.0,  0.065
574,  427.0,  0.063
575,  426.0,  0.061
576,  425.0,  0.060
577,  424.0,  0.058
578,  423.0,  0.057
579,  422.0,  0.055
580,  421.0,  0.054
581,  420.0,  0.053
582,  419.0,  0.053
583,  418.0,  0.052
584,  417.0,  0.052
585,  416.0,  0.051
586,  415.0,  0.051
587,  414.0,  0.051
588,  413.0,  0.052
589,  412.0,  0.052
590,  411.0,  0.053
591,  410.0,  0.054
592,  409.0,  0.055
593,  408.0,  0.056
594,  407.0,  0.058
595,  406.0,  0.060
596,  405.0,  0.062
597,  404.0,  0.064
598,  403.0,  0.067
599,  402.0,  0.070
600,  401.0,  0.073
601,  400.0,  0.076
602,  399.0,  0.080
603,  398.0,  0.083
604,  397.0,  0.087
605,  396.0,  0.091
606,  395.0,  0.096
607,  394.0,  0.100
608,  393.0,  0.105
609,  392.0,  0.110
610,  391.0,  0.115
611,  390.0,  0.121
612,  389.0,  0.126
613,  388.0,  0.132
614,  387.0,  0.137
615,  386.0,  0.143
616,  385.0,  0.149
617,  384.0,  0.155
618,  383.0,  0.160
619,  382.0,  0.166
620,  381.0,  0.172
621,  380.0,  0.178
622,  379.0,  0.184
623,  378.0,  0.190
624,  377.0,  0.196
625,  376.0,  0.202
626,  375.0,  0.207
627,  374.0,  0.213
628,  373.0,  0.218
629,  372.0,  0.223
630,  371.0,  0.227
631,  370.0,  0.231
632,  369.0,  0.236
633,  368.0,  0.239
634,  367.0,  0.243
635,  366.0,  0.246
636,  365.0,  0.248
637,  364.0,  0.250
638,  363.0,  0.252
639,  362.0,  0.253
640,  361.0,  0.254
641,  360.0,  0.255
642,  359.0,  0.255
643,  358.0,  0.254
644,  357.0,  0.254
645,  356.0,  0.253
646,  355.0,  0.252
647,  354.0,  0.249
648,  353.0,  0.246
649,  352.0,  0.244
650,  351.0,  0.241
651,  350.0,  0.237
652,  349.0,  0.233
653,  348.0,  0.229
654,  347.0,  0.225
655,  346.0,  0.220
657,  344.0,  0.209
658,  343.0,  0.203
659,  342.0,  0.197
660,  341.0,  0.191
661,  340.0,  0.184
662,  339.0,  0.172
663,  338.0,  0.165
664,  337.0,  0.158
665,  336.0,  0.151
666,  335.0,  0.143
667,  334.0,  0.135
668,  333.0,  0.127
669,  332.0,  0.119
670,  331.0,  0.110
671,  330.0,  0.101
672,  329.0,  0.092
673,  328.0,  0.082
674,  327.0,  0.073
675,  326.0,  0.064
676,  325.0,  0.054
677,  324.0,  0.044
678,  323.0,  0.035
679,  322.0,  0.025
680,  321.0,  0.015
681,  320.0,  0.005
682,  319.0, -0.003
683,  318.0, -0.014
684,  317.0, -0.018
685,  316.0, -0.024
686,  315.0, -0.033
687,  314.0, -0.040
688,  313.0, -0.043
689,  312.0, -0.045
690,  311.0, -0.051
691,  310.0, -0.050
692,  309.0, -0.038
693,  308.0, -0.061
694,  307.0, -0.028
695,  306.0, -0.044
696,  305.0, -0.040
697,  304.0, -0.005
698,  303.0, -0.051
699,  302.0,  0.002
700,  301.0, -0.018
701,  300.0, -0.021
702,  299.0, -0.011
703,  298.0, -0.059
704,  297.0, -0.001
705,  296.0, -0.048
706,  295.0, -0.026
707,  294.0, -0.003
708,  293.0, -0.030
709,  292.0, -0.072
710,  291.0,  0.009
711,  290.0, -0.059
712,  289.0, -0.032
713,  288.0, -0.084
714,  287.0, -0.021
715,  286.0, -0.058
716,  285.0, -0.090
717,  284.0, -0.037
718,  283.0, -0.004
719,  282.0,  0.009
720,  281.0,  0.093
721,  280.0,  0.045
722,  279.0,  0.045
723,  278.0,  0.106
724,  277.0,  0.123
725,  276.0,  0.122
726,  275.0,  0.172
727,  274.0,  0.114
728,  273.0,  0.209
729,  272.0,  0.197
730,  271.0,  0.354
731,  270.0,  0.293
732,  269.0,  0.268
733,  268.0,  0.301
734,  267.0,  0.370
735,  266.0,  0.211
736,  265.0,  0.435
737,  264.0,  0.382
739,  262.0,  0.356
740,  261.0,  0.372
741,  260.0,  0.424
742,  259.0,  0.438
743,  258.0,  0.384
744,  257.0,  0.438
745,  256.0,  0.372
746,  255.0,  0.397
747,  254.0,  0.384
748,  253.0,  0.450
749,  252.0,  0.406
750,  251.0,  0.461
751,  250.0,  0.326
752,  249.0,  0.326
753,  248.0,  0.326
754,  247.0,  0.377
755,  246.0,  0.326
756,  245.0,  0.326
757,  244.0,  0.352
758,  243.0,  0.352
759,  242.0,  0.376
760,  241.0,  0.376
761,  240.0,  0.376
762,  239.0,  0.352
763,  238.0,  0.376
764,  237.0,  0.501
765,  236.0,  0.398
766,  235.0,  0.398
767,  234.0,  0.398
768,  233.0,  0.398
769,  232.0,  0.398
770,  231.0,  0.398
771,  230.0,  0.376
772,  229.0,  0.444
773,  228.0,  0.444
774,  227.0,  0.444
775,  226.0,  0.444
776,  225.0,  0.421
777,  224.0,  0.376
778,  223.0,  0.469
779,  222.0,  0.480
780,  221.0,  0.464
781,  220.0,  0.524
782,  219.0,  0.555
783,  218.0,  0.476
784,  217.0,  0.477
785,  216.0,  0.450
786,  215.0,  0.395
787,  214.0,  0.477
788,  213.0,  0.421
789,  212.0,  0.493
790,  211.0,  0.541
791,  210.0,  0.422
792,  209.0,  0.435
793,  208.0,  0.438
794,  207.0,  0.460
795,  206.0,  0.405
796,  205.0,  0.436
797,  204.0,  0.281
798,  203.0,  0.334
799,  202.0,  0.304
800,  201.0,  0.368
801,  200.0,  0.293
802,  199.0,  0.342
803,  198.0,  0.355
804,  197.0,  0.291
805,  196.0,  0.279
806,  195.0,  0.375
807,  194.0,  0.387
808,  193.0,  0.344
809,  192.0,  0.314
810,  191.0,  0.385
811,  190.0,  0.243
