Measure Mode: ABSORB
StartWaveLength: 1000.0
EndWaveLength:  190.0
Step:   1nm
ID, WaveLength, VALUE
1, 1000.0, -0.005
2,  999.0, -0.005
3,  998.0, -0.005
4,  997.0, -0.005
5,  996.0, -0.005
6,  995.0, -0.006
7,  994.0, -0.006
8,  993.0, -0.006
9,  992.0, -0.006
10,  991.0, -0.006
11,  990.0, -0.006
12,  989.0, -0.007
13,  988.0, -0.007
14,  987.0, -0.007
15,  986.0, -0.007
16,  985.0, -0.007
17,  984.0, -0.007
18,  983.0, -0.007
19,  982.0, -0.007
20,  981.0, -0.007
21,  980.0, -0.008
22,  979.0, -0.008
23,  978.0, -0.008
24,  977.0, -0.008
25,  976.0, -0.008
26,  975.0, -0.008
27,  974.0, -0.008
28,  973.0, -0.008
29,  972.0, -0.008
30,  971.0, -0.008
31,  970.0, -0.009
32,  969.0, -0.009
33,  968.0, -0.009
34,  967.0, -0.009
35,  966.0, -0.009
36,  965.0, -0.009
37,  964.0, -0.009
38,  963.0, -0.009
39,  962.0, -0.009
40,  961.0, -0.009
41,  960.0, -0.009
42,  959.0, -0.009
43,  958.0, -0.008
44,  957.0, -0.008
45,  956.0, -0.008
46,  955.0, -0.008
47,  954.0, -0.007
48,  953.0, -0.007
49,  952.0, -0.007
50,  951.0, -0.006
51,  950.0, -0.006
52,  949.0, -0.006
53,  948.0, -0.005
54,  947.0, -0.005
55,  946.0, -0.005
56,  945.0, -0.005
57,  944.0, -0.005
58,  943.0, -0.004
59,  942.0, -0.004
60,  941.0, -0.004
61,  940.0, -0.004
62,  939.0, -0.004
63,  938.0, -0.004
64,  937.0, -0.004
65,  936.0, -0.004
66,  935.0, -0.004
67,  934.0, -0.004
68,  933.0, -0.004
69,  932.0, -0.004
70,  931.0, -0.003
71,  930.0, -0.003
72,  929.0, -0.003
73,  928.0, -0.003
74,  927.0, -0.003
75,  926.0, -0.003
76,  925.0, -0.003
77,  924.0, -0.003
78,  923.0, -0.003
79,  922.0, -0.003
80,  921.0, -0.003
82,  919.0, -0.003
83,  918.0, -0.003
84,  917.0, -0.003
85,  916.0, -0.002
86,  915.0, -0.002
87,  914.0, -0.002
88,  913.0, -0.002
89,  912.0, -0.002
90,  911.0, -0.002
91,  910.0, -0.002
92,  909.0, -0.002
93,  908.0, -0.002
94,  907.0, -0.002
95,  906.0, -0.002
96,  905.0, -0.002
97,  904.0, -0.002
98,  903.0, -0.002
99,  902.0, -0.002
100,  901.0, -0.002
101,  900.0, -0.002
102,  899.0, -0.002
103,  898.0, -0.002
104,  897.0, -0.002
105,  896.0, -0.002
106,  895.0, -0.002
107,  894.0, -0.002
108,  893.0, -0.002
109,  892.0, -0.002
110,  891.0, -0.002
111,  890.0, -0.002
112,  889.0, -0.002
113,  888.0, -0.002
114,  887.0, -0.002
115,  886.0, -0.002
116,  885.0, -0.002
117,  884.0, -0.002
118,  883.0, -0.002
119,  882.0, -0.002
120,  881.0, -0.002
121,  880.0, -0.002
122,  879.0, -0.002
123,  878.0, -0.002
124,  877.0, -0.002
125,  876.0, -0.002
126,  875.0, -0.002
127,  874.0, -0.002
128,  873.0, -0.002
129,  872.0, -0.002
130,  871.0, -0.002
131,  870.0, -0.002
132,  869.0, -0.002
133,  868.0, -0.002
134,  867.0, -0.002
135,  866.0, -0.002
136,  865.0, -0.002
137,  864.0, -0.002
138,  863.0, -0.002
139,  862.0, -0.002
140,  861.0, -0.002
141,  860.0, -0.002
142,  859.0, -0.002
143,  858.0, -0.002
144,  857.0, -0.002
145,  856.0, -0.002
146,  855.0, -0.002
147,  854.0, -0.002
148,  853.0, -0.002
149,  852.0, -0.002
150,  851.0, -0.002
151,  850.0, -0.002
152,  849.0, -0.002
153,  848.0, -0.002
154,  847.0, -0.002
155,  846.0, -0.002
156,  845.0, -0.002
157,  844.0, -0.002
158,  843.0, -0.002
159,  842.0, -0.002
160,  841.0, -0.002
161,  840.0, -0.002
162,  839.0, -0.002
163,  838.0, -0.002
164,  837.0, -0.002
165,  836.0, -0.002
166,  835.0, -0.002
167,  834.0, -0.002
168,  833.0, -0.002
169,  832.0, -0.002
170,  831.0, -0.002
171,  830.0, -0.002
172,  829.0, -0.002
173,  828.0, -0.002
174,  827.0, -0.001
175,  826.0, -0.001
176,  825.0, -0.001
177,  824.0, -0.001
178,  823.0, -0.001
179,  822.0, -0.001
180,  821.0, -0.001
181,  820.0, -0.001
182,  819.0, -0.001
183,  818.0, -0.001
184,  817.0, -0.001
185,  816.0, -0.001
186,  815.0, -0.001
187,  814.0, -0.001
188,  813.0, -0.001
189,  812.0, -0.001
190,  811.0, -0.001
191,  810.0, -0.001
192,  809.0, -0.001
193,  808.0, -0.001
194,  807.0, -0.001
195,  806.0, -0.001
196,  805.0, -0.001
197,  804.0, -0.001
198,  803.0, -0.001
199,  802.0, -0.001
200,  801.0, -0.001
201,  800.0, -0.001
203,  798.0, -0.001
204,  797.0, -0.001
205,  796.0, -0.001
206,  795.0, -0.001
207,  794.0, -0.001
208,  793.0, -0.001
209,  792.0, -0.001
210,  791.0, -0.001
211,  790.0, -0.001
212,  789.0, -0.001
213,  788.0, -0.001
214,  787.0, -0.001
215,  786.0, -0.001
216,  785.0, -0.001
217,  784.0, -0.001
218,  783.0, -0.001
219,  782.0, -0.001
220,  781.0, -0.001
221,  780.0, -0.001
222,  779.0, -0.001
223,  778.0, -0.001
224,  777.0, -0.001
225,  776.0, -0.001
226,  775.0, -0.001
227,  774.0, -0.001
228,  773.0, -0.001
229,  772.0, -0.001
230,  771.0, -0.001
231,  770.0, -0.001
232,  769.0, -0.001
233,  768.0, -0.001
234,  767.0, -0.001
235,  766.0, -0.001
236,  765.0, -0.002
237,  764.0, -0.001
238,  763.0, -0.002
239,  762.0, -0.002
240,  761.0, -0.001
241,  760.0, -0.002
242,  759.0, -0.001
243,  758.0, -0.002
244,  757.0, -0.001
245,  756.0, -0.002
246,  755.0, -0.002
247,  754.0, -0.002
248,  753.0, -0.002
249,  752.0, -0.002
250,  751.0, -0.002
251,  750.0, -0.002
252,  749.0, -0.002
253,  748.0, -0.002
254,  747.0, -0.002
255,  746.0, -0.002
256,  745.0, -0.002
257,  744.0, -0.002
258,  743.0, -0.001
259,  742.0, -0.001
260,  741.0, -0.001
261,  740.0, -0.001
262,  739.0, -0.001
263,  738.0, -0.001
264,  737.0, -0.001
265,  736.0, -0.001
266,  735.0, -0.001
267,  734.0, -0.001
268,  733.0, -0.001
269,  732.0, -0.001
270,  731.0, -0.001
271,  730.0, -0.001
272,  729.0, -0.001
273,  728.0, -0.001
274,  727.0, -0.001
275,  726.0, -0.001
276,  725.0, -0.001
277,  724.0, -0.001
278,  723.0, -0.001
279,  722.0, -0.001
280,  721.0, -0.001
281,  720.0, -0.001
282,  719.0, -0.001
283,  718.0, -0.001
284,  717.0, -0.001
285,  716.0, -0.001
286,  715.0, -0.000
287,  714.0, -0.000
288,  713.0, -0.000
289,  712.0, -0.000
290,  711.0, -0.000
291,  710.0, -0.000
292,  709.0, -0.000
293,  708.0, -0.000
294,  707.0, -0.000
295,  706.0, -0.000
296,  705.0, -0.000
297,  704.0, -0.000
298,  703.0, -0.000
299,  702.0,  0.000
300,  701.0,  0.000
301,  700.0,  0.000
302,  699.0,  0.000
303,  698.0,  0.000
304,  697.0,  0.000
305,  696.0,  0.000
306,  695.0,  0.000
307,  694.0,  0.000
308,  693.0,  0.000
309,  692.0,  0.001
310,  691.0,  0.001
311,  690.0,  0.001
312,  689.0,  0.001
313,  688.0,  0.001
314,  687.0,  0.001
315,  686.0,  0.001
316,  685.0,  0.001
317,  684.0,  0.001
318,  683.0,  0.001
319,  682.0,  0.001
320,  681.0,  0.001
321,  680.0,  0.001
322,  679.0,  0.001
323,  678.0,  0.001
330,  671.0,  0.002
331,  670.0,  0.002
332,  669.0,  0.002
333,  668.0,  0.002
334,  667.0,  0.002
335,  666.0,  0.002
336,  665.0,  0.002
337,  664.0,  0.003
338,  663.0,  0.003
339,  662.0,  0.003
340,  661.0,  0.003
341,  660.0,  0.003
342,  659.0,  0.003
343,  658.0,  0.003
344,  657.0,  0.003
345,  656.0,  0.004
346,  655.0,  0.004
347,  654.0,  0.004
348,  653.0,  0.004
349,  652.0,  0.004
350,  651.0,  0.005
351,  650.0,  0.005
352,  649.0,  0.005
353,  648.0,  0.005
354,  647.0,  0.005
355,  646.0,  0.006
356,  645.0,  0.006
357,  644.0,  0.006
358,  643.0,  0.006
359,  642.0,  0.007
360,  641.0,  0.007
361,  640.0,  0.007
362,  639.0,  0.008
363,  638.0,  0.008
364,  637.0,  0.008
365,  636.0,  0.009
366,  635.0,  0.009
367,  634.0,  0.010
368,  633.0,  0.010
369,  632.0,  0.011
370,  631.0,  0.011
371,  630.0,  0.012
372,  629.0,  0.012
373,  628.0,  0.013
374,  627.0,  0.013
375,  626.0,  0.014
376,  625.0,  0.015
377,  624.0,  0.016
378,  623.0,  0.016
379,  622.0,  0.017
380,  621.0,  0.018
381,  620.0,  0.019
382,  619.0,  0.020
383,  618.0,  0.021
384,  617.0,  0.022
385,  616.0,  0.023
386,  615.0,  0.024
387,  614.0,  0.026
388,  613.0,  0.027
389,  612.0,  0.028
390,  611.0,  0.029
391,  610.0,  0.031
392,  609.0,  0.032
393,  608.0,  0.034
394,  607.0,  0.036
395,  606.0,  0.037
396,  605.0,  0.039
397,  604.0,  0.041
398,  603.0,  0.043
399,  602.0,  0.045
400,  601.0,  0.047
401,  600.0,  0.049
402,  599.0,  0.051
403,  598.0,  0.053
404,  597.0,  0.056
405,  596.0,  0.058
406,  595.0,  0.061
407,  594.0,  0.063
408,  593.0,  0.066
409,  592.0,  0.069
410,  591.0,  0.071
411,  590.0,  0.074
412,  589.0,  0.077
413,  588.0,  0.080
414,  587.0,  0.083
415,  586.0,  0.086
416,  585.0,  0.089
417,  584.0,  0.093
418,  583.0,  0.096
419,  582.0,  0.100
420,  581.0,  0.103
421,  580.0,  0.107
422,  579.0,  0.110
423,  578.0,  0.114
424,  577.0,  0.118
425,  576.0,  0.121
426,  575.0,  0.125
427,  574.0,  0.129
428,  573.0,  0.132
429,  572.0,  0.136
430,  571.0,  0.140
431,  570.0,  0.144
432,  569.0,  0.148
433,  568.0,  0.152
434,  567.0,  0.156
435,  566.0,  0.159
436,  565.0,  0.163
437,  564.0,  0.167
438,  563.0,  0.171
439,  562.0,  0.174
440,  561.0,  0.178
441,  560.0,  0.182
442,  559.0,  0.185
443,  558.0,  0.189
444,  557.0,  0.192
445,  556.0,  0.196
446,  555.0,  0.199
447,  554.0,  0.203
448,  553.0,  0.206
449,  552.0,  0.209
451,  550.0,  0.215
452,  549.0,  0.218
453,  548.0,  0.220
454,  547.0,  0.223
455,  546.0,  0.226
456,  545.0,  0.228
457,  544.0,  0.230
458,  543.0,  0.233
459,  542.0,  0.235
460,  541.0,  0.237
461,  540.0,  0.238
462,  539.0,  0.240
463,  538.0,  0.242
464,  537.0,  0.243
465,  536.0,  0.244
466,  535.0,  0.246
467,  534.0,  0.247
468,  533.0,  0.248
469,  532.0,  0.249
470,  531.0,  0.249
471,  530.0,  0.250
472,  529.0,  0.250
473,  528.0,  0.251
474,  527.0,  0.251
475,  526.0,  0.251
476,  525.0,  0.251
477,  524.0,  0.251
478,  523.0,  0.251
479,  522.0,  0.250
480,  521.0,  0.250
481,  520.0,  0.249
482,  519.0,  0.248
483,  518.0,  0.248
484,  517.0,  0.247
485,  516.0,  0.246
486,  515.0,  0.245
487,  514.0,  0.244
488,  513.0,  0.243
489,  512.0,  0.241
490,  511.0,  0.240
491,  510.0,  0.238
492,  509.0,  0.237
493,  508.0,  0.235
494,  507.0,  0.234
495,  506.0,  0.232
496,  505.0,  0.230
497,  504.0,  0.229
498,  503.0,  0.227
499,  502.0,  0.225
500,  501.0,  0.223
501,  500.0,  0.221
502,  499.0,  0.219
503,  498.0,  0.217
504,  497.0,  0.215
505,  496.0,  0.213
506,  495.0,  0.211
507,  494.0,  0.209
508,  493.0,  0.207
509,  492.0,  0.205
510,  491.0,  0.203
511,  490.0,  0.201
512,  489.0,  0.199
513,  488.0,  0.197
514,  487.0,  0.195
515,  486.0,  0.192
516,  485.0,  0.190
517,  484.0,  0.188
518,  483.0,  0.186
519,  482.0,  0.184
520,  481.0,  0.182
521,  480.0,  0.179
522,  479.0,  0.177
523,  478.0,  0.175
524,  477.0,  0.173
525,  476.0,  0.170
526,  475.0,  0.168
527,  474.0,  0.166
528,  473.0,  0.163
529,  472.0,  0.161
530,  471.0,  0.158
531,  470.0,  0.156
532,  469.0,  0.153
533,  468.0,  0.151
534,  467.0,  0.149
535,  466.0,  0.146
536,  465.0,  0.144
537,  464.0,  0.141
538,  463.0,  0.138
539,  462.0,  0.136
540,  461.0,  0.133
541,  460.0,  0.130
542,  459.0,  0.128
543,  458.0,  0.125
544,  457.0,  0.122
545,  456.0,  0.120
546,  455.0,  0.117
547,  454.0,  0.114
548,  453.0,  0.112
549,  452.0,  0.109
550,  451.0,  0.106
551,  450.0,  0.103
552,  449.0,  0.101
553,  448.0,  0.098
554,  447.0,  0.095
555,  446.0,  0.093
556,  445.0,  0.090
557,  444.0,  0.088
558,  443.0,  0.085
559,  442.0,  0.083
560,  441.0,  0.081
561,  440.0,  0.078
562,  439.0,  0.076
563,  438.0,  0.074
564,  437.0,  0.071
565,  436.0,  0.069
566,  435.0,  0.067
567,  434.0,  0.065
568,  433.0,  0.063
569,  432.0,  0.062
570,  431.0,  0.060
571,  430.0,  0.058
572,  429.0,  0.057
573,  428.0,  0.055
574,  427.0,  0.054
575,  426.0,  0.053
576,  425.0,  0.052
577,  424.0,  0.051
578,  423.0,  0.050
579,  422.0,  0.049
580,  421.0,  0.048
581,  420.0,  0.048
582,  419.0,  0.047
583,  418.0,  0.047
584,  417.0,  0.047
585,  416.0,  0.047
586,  415.0,  0.047
587,  414.0,  0.048
588,  413.0,  0.049
589,  412.0,  0.049
590,  411.0,  0.050
591,  410.0,  0.052
592,  409.0,  0.053
593,  408.0,  0.055
594,  407.0,  0.056
595,  406.0,  0.058
596,  405.0,  0.061
597,  404.0,  0.063
598,  403.0,  0.066
599,  402.0,  0.069
600,  401.0,  0.072
601,  400.0,  0.075
602,  399.0,  0.079
603,  398.0,  0.082
604,  397.0,  0.086
605,  396.0,  0.090
606,  395.0,  0.094
607,  394.0,  0.098
608,  393.0,  0.103
609,  392.0,  0.108
610,  391.0,  0.113
611,  390.0,  0.117
612,  389.0,  0.123
613,  388.0,  0.128
614,  387.0,  0.133
615,  386.0,  0.138
616,  385.0,  0.143
617,  384.0,  0.148
618,  383.0,  0.153
619,  382.0,  0.158
620,  381.0,  0.163
621,  380.0,  0.168
622,  379.0,  0.174
623,  378.0,  0.179
624,  377.0,  0.183
625,  376.0,  0.188
626,  375.0,  0.193
627,  374.0,  0.197
628,  373.0,  0.201
629,  372.0,  0.205
630,  371.0,  0.208
631,  370.0,  0.211
632,  369.0,  0.213
633,  368.0,  0.215
634,  367.0,  0.217
635,  366.0,  0.219
636,  365.0,  0.221
637,  364.0,  0.221
638,  363.0,  0.222
639,  362.0,  0.223
640,  361.0,  0.222
641,  360.0,  0.222
642,  359.0,  0.221
643,  358.0,  0.220
644,  357.0,  0.218
645,  356.0,  0.216
646,  355.0,  0.214
647,  354.0,  0.210
648,  353.0,  0.208
649,  352.0,  0.204
650,  351.0,  0.200
651,  350.0,  0.196
652,  349.0,  0.192
653,  348.0,  0.188
654,  347.0,  0.184
655,  346.0,  0.179
656,  345.0,  0.174
657,  344.0,  0.169
658,  343.0,  0.164
659,  342.0,  0.159
660,  341.0,  0.154
661,  340.0,  0.150
662,  339.0,  0.143
663,  338.0,  0.139
664,  337.0,  0.135
665,  336.0,  0.132
666,  335.0,  0.129
667,  334.0,  0.127
668,  333.0,  0.126
669,  332.0,  0.126
670,  331.0,  0.127
671,  330.0,  0.129
672,  329.0,  0.133
673,  328.0,  0.138
674,  327.0,  0.145
675,  326.0,  0.153
676,  325.0,  0.162
677,  324.0,  0.173
678,  323.0,  0.184
679,  322.0,  0.196
680,  321.0,  0.210
681,  320.0,  0.225
682,  319.0,  0.240
683,  318.0,  0.253
684,  317.0,  0.270
685,  316.0,  0.277
686,  315.0,  0.296
687,  314.0,  0.304
688,  313.0,  0.296
689,  312.0,  0.294
690,  311.0,  0.277
691,  310.0,  0.276
692,  309.0,  0.283
693,  308.0,  0.290
694,  307.0,  0.296
695,  306.0,  0.243
696,  305.0,  0.243
697,  304.0,  0.217
698,  303.0,  0.176
699,  302.0,  0.158
700,  301.0,  0.146
701,  300.0,  0.187
702,  299.0,  0.079
703,  298.0,  0.084
704,  297.0,  0.097
705,  296.0,  0.117
706,  295.0,  0.071
707,  294.0,  0.071
708,  293.0,  0.023
709,  292.0, -0.007
710,  291.0,  0.069
711,  290.0, -0.043
712,  289.0,  0.000
713,  288.0, -0.030
714,  287.0, -0.017
715,  286.0,  0.000
716,  285.0, -0.019
717,  284.0, -0.046
718,  283.0, -0.013
719,  282.0, -0.030
720,  281.0, -0.017
721,  280.0,  0.000
722,  279.0,  0.013
723,  278.0,  0.032
724,  277.0,  0.062
725,  276.0,  0.013
726,  275.0,  0.067
727,  274.0,  0.009
728,  273.0,  0.035
729,  272.0,  0.059
730,  271.0,  0.094
731,  270.0,  0.146
732,  269.0,  0.120
733,  268.0,  0.107
734,  267.0,  0.222
735,  266.0,  0.101
736,  265.0,  0.196
737,  264.0,  0.203
738,  263.0,  0.204
739,  262.0,  0.182
740,  261.0,  0.237
741,  260.0,  0.163
742,  259.0,  0.237
743,  258.0,  0.237
744,  257.0,  0.179
745,  256.0,  0.191
746,  255.0,  0.250
747,  254.0,  0.164
748,  253.0,  0.204
749,  252.0,  0.192
750,  251.0,  0.299
751,  250.0,  0.204
752,  249.0,  0.178
753,  248.0,  0.204
754,  247.0,  0.176
755,  246.0,  0.204
756,  245.0,  0.204
757,  244.0,  0.231
758,  243.0,  0.231
759,  242.0,  0.231
760,  241.0,  0.231
761,  240.0,  0.255
762,  239.0,  0.255
763,  238.0,  0.255
764,  237.0,  0.255
765,  236.0,  0.255
766,  235.0,  0.255
767,  234.0,  0.255
768,  233.0,  0.255
769,  232.0,  0.255
770,  231.0,  0.255
771,  230.0,  0.255
772,  229.0,  0.301
773,  228.0,  0.325
774,  227.0,  0.301
775,  226.0,  0.301
776,  225.0,  0.301
777,  224.0,  0.255
778,  223.0,  0.348
779,  222.0,  0.376
780,  221.0,  0.253
781,  220.0,  0.376
782,  219.0,  0.300
783,  218.0,  0.276
784,  217.0,  0.364
785,  216.0,  0.289
786,  215.0,  0.262
787,  214.0,  0.315
788,  213.0,  0.327
789,  212.0,  0.289
790,  211.0,  0.313
791,  210.0,  0.247
792,  209.0,  0.222
793,  208.0,  0.250
794,  207.0,  0.230
795,  206.0,  0.192
796,  205.0,  0.235
797,  204.0,  0.133
798,  203.0,  0.162
799,  202.0,  0.230
800,  201.0,  0.197
801,  200.0,  0.189
802,  199.0,  0.206
803,  198.0,  0.185
804,  197.0,  0.083
805,  196.0,  0.201
806,  195.0,  0.255
807,  194.0,  0.130
808,  193.0,  0.158
809,  192.0,  0.164
810,  191.0,  0.162
811,  190.0,  0.085
