Measure Mode: ABSORB
StartWaveLength: 1000.0
EndWaveLength:  190.0
Step:   1nm
ID, WaveLength, VALUE
1, 1000.0, -0.005
2,  999.0, -0.005
3,  998.0, -0.005
4,  997.0, -0.006
5,  996.0, -0.006
6,  995.0, -0.006
7,  994.0, -0.006
8,  993.0, -0.006
9,  992.0, -0.006
10,  991.0, -0.007
11,  990.0, -0.007
12,  989.0, -0.007
13,  988.0, -0.007
14,  987.0, -0.007
15,  986.0, -0.007
16,  985.0, -0.007
17,  984.0, -0.008
18,  983.0, -0.008
19,  982.0, -0.008
20,  981.0, -0.008
21,  980.0, -0.008
22,  979.0, -0.008
23,  978.0, -0.008
24,  977.0, -0.008
25,  976.0, -0.009
26,  975.0, -0.009
27,  974.0, -0.009
28,  973.0, -0.009
29,  972.0, -0.009
30,  971.0, -0.009
31,  970.0, -0.009
32,  969.0, -0.009
33,  968.0, -0.009
34,  967.0, -0.009
35,  966.0, -0.009
36,  965.0, -0.009
37,  964.0, -0.009
38,  963.0, -0.009
39,  962.0, -0.009
40,  961.0, -0.009
41,  960.0, -0.009
42,  959.0, -0.009
43,  958.0, -0.008
44,  957.0, -0.008
45,  956.0, -0.008
46,  955.0, -0.007
47,  954.0, -0.007
48,  953.0, -0.007
49,  952.0, -0.007
50,  951.0, -0.006
51,  950.0, -0.006
52,  949.0, -0.006
53,  948.0, -0.006
54,  947.0, -0.005
55,  946.0, -0.005
56,  945.0, -0.005
57,  944.0, -0.005
58,  943.0, -0.005
59,  942.0, -0.005
60,  941.0, -0.005
61,  940.0, -0.005
62,  939.0, -0.005
63,  938.0, -0.005
64,  937.0, -0.004
65,  936.0, -0.004
66,  935.0, -0.004
67,  934.0, -0.004
68,  933.0, -0.004
69,  932.0, -0.004
70,  931.0, -0.004
71,  930.0, -0.004
72,  929.0, -0.004
73,  928.0, -0.004
74,  927.0, -0.004
75,  926.0, -0.004
76,  925.0, -0.003
77,  924.0, -0.003
78,  923.0, -0.003
79,  922.0, -0.003
80,  921.0, -0.003
81,  920.0, -0.003
82,  919.0, -0.003
83,  918.0, -0.003
84,  917.0, -0.003
85,  916.0, -0.003
86,  915.0, -0.003
87,  914.0, -0.003
88,  913.0, -0.003
89,  912.0, -0.003
90,  911.0, -0.003
91,  910.0, -0.003
92,  909.0, -0.003
93,  908.0, -0.003
94,  907.0, -0.003
95,  906.0, -0.003
96,  905.0, -0.003
97,  904.0, -0.003
98,  903.0, -0.003
99,  902.0, -0.003
100,  901.0, -0.003
101,  900.0, -0.003
102,  899.0, -0.003
103,  898.0, -0.003
104,  897.0, -0.003
105,  896.0, -0.002
106,  895.0, -0.003
107,  894.0, -0.003
108,  893.0, -0.003
109,  892.0, -0.003
110,  891.0, -0.003
111,  890.0, -0.003
113,  888.0, -0.003
114,  887.0, -0.002
115,  886.0, -0.003
116,  885.0, -0.003
117,  884.0, -0.003
118,  883.0, -0.003
119,  882.0, -0.003
120,  881.0, -0.003
121,  880.0, -0.003
122,  879.0, -0.003
123,  878.0, -0.003
124,  877.0, -0.003
125,  876.0, -0.003
126,  875.0, -0.003
127,  874.0, -0.003
128,  873.0, -0.003
129,  872.0, -0.003
130,  871.0, -0.003
131,  870.0, -0.003
132,  869.0, -0.003
133,  868.0, -0.003
134,  867.0, -0.003
135,  866.0, -0.003
136,  865.0, -0.003
137,  864.0, -0.003
138,  863.0, -0.003
139,  862.0, -0.003
140,  861.0, -0.003
141,  860.0, -0.003
142,  859.0, -0.003
143,  858.0, -0.003
144,  857.0, -0.003
145,  856.0, -0.003
146,  855.0, -0.003
147,  854.0, -0.003
148,  853.0, -0.003
149,  852.0, -0.003
150,  851.0, -0.003
151,  850.0, -0.003
152,  849.0, -0.003
153,  848.0, -0.003
154,  847.0, -0.003
155,  846.0, -0.003
156,  845.0, -0.003
157,  844.0, -0.003
158,  843.0, -0.003
159,  842.0, -0.003
160,  841.0, -0.003
161,  840.0, -0.003
162,  839.0, -0.003
163,  838.0, -0.003
164,  837.0, -0.003
165,  836.0, -0.003
166,  835.0, -0.003
167,  834.0, -0.003
168,  833.0, -0.003
169,  832.0, -0.003
170,  831.0, -0.003
171,  830.0, -0.003
172,  829.0, -0.003
173,  828.0, -0.003
174,  827.0, -0.002
175,  826.0, -0.002
176,  825.0, -0.002
177,  824.0, -0.002
178,  823.0, -0.002
179,  822.0, -0.002
180,  821.0, -0.002
181,  820.0, -0.002
182,  819.0, -0.002
183,  818.0, -0.002
184,  817.0, -0.002
185,  816.0, -0.002
186,  815.0, -0.002
187,  814.0, -0.002
188,  813.0, -0.002
189,  812.0, -0.002
190,  811.0, -0.002
191,  810.0, -0.002
192,  809.0, -0.002
193,  808.0, -0.002
194,  807.0, -0.002
195,  806.0, -0.002
196,  805.0, -0.002
197,  804.0, -0.002
198,  803.0, -0.002
199,  802.0, -0.002
200,  801.0, -0.002
201,  800.0, -0.002
202,  799.0, -0.002
203,  798.0, -0.002
204,  797.0, -0.002
205,  796.0, -0.003
206,  795.0, -0.003
207,  794.0, -0.003
208,  793.0, -0.002
209,  792.0, -0.003
210,  791.0, -0.003
211,  790.0, -0.003
212,  789.0, -0.003
213,  788.0, -0.003
214,  787.0, -0.003
215,  786.0, -0.002
216,  785.0, -0.003
217,  784.0, -0.002
218,  783.0, -0.002
219,  782.0, -0.002
220,  781.0, -0.003
221,  780.0, -0.003
222,  779.0, -0.003
223,  778.0, -0.003
224,  777.0, -0.003
225,  776.0, -0.002
226,  775.0, -0.003
227,  774.0, -0.003
228,  773.0, -0.003
229,  772.0, -0.002
230,  771.0, -0.003
231,  770.0, -0.003
232,  769.0, -0.002
233,  768.0, -0.002
235,  766.0, -0.002
236,  765.0, -0.002
237,  764.0, -0.002
238,  763.0, -0.003
239,  762.0, -0.003
240,  761.0, -0.003
241,  760.0, -0.002
242,  759.0, -0.002
243,  758.0, -0.003
244,  757.0, -0.002
245,  756.0, -0.002
246,  755.0, -0.002
247,  754.0, -0.002
248,  753.0, -0.002
249,  752.0, -0.002
250,  751.0, -0.002
251,  750.0, -0.002
252,  749.0, -0.002
253,  748.0, -0.002
254,  747.0, -0.002
255,  746.0, -0.002
256,  745.0, -0.002
257,  744.0, -0.002
258,  743.0, -0.002
259,  742.0, -0.002
260,  741.0, -0.002
261,  740.0, -0.002
262,  739.0, -0.002
263,  738.0, -0.002
264,  737.0, -0.002
265,  736.0, -0.002
266,  735.0, -0.002
267,  734.0, -0.002
268,  733.0, -0.002
269,  732.0, -0.002
270,  731.0, -0.002
271,  730.0, -0.002
272,  729.0, -0.002
273,  728.0, -0.002
274,  727.0, -0.002
275,  726.0, -0.002
276,  725.0, -0.002
277,  724.0, -0.002
278,  723.0, -0.002
279,  722.0, -0.001
280,  721.0, -0.001
281,  720.0, -0.001
282,  719.0, -0.001
283,  718.0, -0.001
284,  717.0, -0.001
285,  716.0, -0.001
286,  715.0, -0.001
287,  714.0, -0.001
288,  713.0, -0.001
289,  712.0, -0.001
290,  711.0, -0.001
291,  710.0, -0.001
292,  709.0, -0.001
293,  708.0, -0.001
294,  707.0, -0.001
295,  706.0, -0.001
296,  705.0, -0.001
297,  704.0, -0.001
298,  703.0, -0.001
299,  702.0, -0.001
300,  701.0, -0.001
301,  700.0, -0.000
302,  699.0, -0.000
303,  698.0, -0.000
304,  697.0, -0.000
305,  696.0, -0.000
306,  695.0, -0.000
307,  694.0, -0.000
308,  693.0, -0.000
309,  692.0,  0.000
310,  691.0,  0.000
311,  690.0,  0.000
312,  689.0,  0.000
313,  688.0,  0.000
314,  687.0,  0.000
315,  686.0,  0.001
316,  685.0,  0.001
317,  684.0,  0.001
318,  683.0,  0.001
319,  682.0,  0.001
320,  681.0,  0.001
321,  680.0,  0.001
322,  679.0,  0.001
323,  678.0,  0.001
324,  677.0,  0.001
325,  676.0,  0.001
326,  675.0,  0.002
327,  674.0,  0.002
328,  673.0,  0.002
329,  672.0,  0.002
330,  671.0,  0.002
331,  670.0,  0.002
332,  669.0,  0.002
333,  668.0,  0.002
334,  667.0,  0.002
335,  666.0,  0.002
336,  665.0,  0.003
337,  664.0,  0.003
338,  663.0,  0.003
339,  662.0,  0.003
340,  661.0,  0.003
341,  660.0,  0.003
342,  659.0,  0.003
343,  658.0,  0.004
344,  657.0,  0.004
345,  656.0,  0.004
346,  655.0,  0.004
347,  654.0,  0.004
348,  653.0,  0.005
349,  652.0,  0.005
350,  651.0,  0.005
351,  650.0,  0.005
352,  649.0,  0.005
353,  648.0,  0.006
354,  647.0,  0.006
356,  645.0,  0.007
357,  644.0,  0.007
358,  643.0,  0.007
359,  642.0,  0.008
360,  641.0,  0.008
361,  640.0,  0.008
362,  639.0,  0.009
363,  638.0,  0.009
364,  637.0,  0.009
365,  636.0,  0.010
366,  635.0,  0.010
367,  634.0,  0.011
368,  633.0,  0.011
369,  632.0,  0.012
370,  631.0,  0.012
371,  630.0,  0.013
372,  629.0,  0.014
373,  628.0,  0.014
374,  627.0,  0.015
375,  626.0,  0.016
376,  625.0,  0.017
377,  624.0,  0.017
378,  623.0,  0.018
379,  622.0,  0.019
380,  621.0,  0.020
381,  620.0,  0.021
382,  619.0,  0.022
383,  618.0,  0.023
384,  617.0,  0.024
385,  616.0,  0.025
386,  615.0,  0.027
387,  614.0,  0.028
388,  613.0,  0.029
389,  612.0,  0.031
390,  611.0,  0.032
391,  610.0,  0.034
392,  609.0,  0.035
393,  608.0,  0.037
394,  607.0,  0.039
395,  606.0,  0.041
396,  605.0,  0.043
397,  604.0,  0.045
398,  603.0,  0.047
399,  602.0,  0.049
400,  601.0,  0.051
401,  600.0,  0.053
402,  599.0,  0.056
403,  598.0,  0.058
404,  597.0,  0.060
405,  596.0,  0.063
406,  595.0,  0.066
407,  594.0,  0.069
408,  593.0,  0.072
409,  592.0,  0.075
410,  591.0,  0.078
411,  590.0,  0.081
412,  589.0,  0.084
413,  588.0,  0.087
414,  587.0,  0.090
415,  586.0,  0.094
416,  585.0,  0.097
417,  584.0,  0.101
418,  583.0,  0.105
419,  582.0,  0.108
420,  581.0,  0.112
421,  580.0,  0.116
422,  579.0,  0.120
423,  578.0,  0.124
424,  577.0,  0.128
425,  576.0,  0.132
426,  575.0,  0.135
427,  574.0,  0.139
428,  573.0,  0.143
429,  572.0,  0.148
430,  571.0,  0.152
431,  570.0,  0.156
432,  569.0,  0.160
433,  568.0,  0.164
434,  567.0,  0.169
435,  566.0,  0.173
436,  565.0,  0.177
437,  564.0,  0.181
438,  563.0,  0.185
439,  562.0,  0.189
440,  561.0,  0.193
441,  560.0,  0.197
442,  559.0,  0.201
443,  558.0,  0.204
444,  557.0,  0.208
445,  556.0,  0.212
446,  555.0,  0.216
447,  554.0,  0.219
448,  553.0,  0.223
449,  552.0,  0.226
450,  551.0,  0.229
451,  550.0,  0.232
452,  549.0,  0.235
453,  548.0,  0.238
454,  547.0,  0.241
455,  546.0,  0.244
456,  545.0,  0.246
457,  544.0,  0.249
458,  543.0,  0.251
459,  542.0,  0.254
460,  541.0,  0.256
461,  540.0,  0.258
462,  539.0,  0.260
463,  538.0,  0.261
464,  537.0,  0.263
465,  536.0,  0.264
466,  535.0,  0.266
467,  534.0,  0.267
468,  533.0,  0.268
469,  532.0,  0.269
470,  531.0,  0.270
471,  530.0,  0.270
472,  529.0,  0.271
473,  528.0,  0.271
474,  527.0,  0.271
475,  526.0,  0.271
477,  524.0,  0.271
478,  523.0,  0.271
479,  522.0,  0.271
480,  521.0,  0.270
481,  520.0,  0.270
482,  519.0,  0.269
483,  518.0,  0.268
484,  517.0,  0.267
485,  516.0,  0.266
486,  515.0,  0.265
487,  514.0,  0.264
488,  513.0,  0.263
489,  512.0,  0.261
490,  511.0,  0.260
491,  510.0,  0.259
492,  509.0,  0.257
493,  508.0,  0.255
494,  507.0,  0.254
495,  506.0,  0.252
496,  505.0,  0.250
497,  504.0,  0.248
498,  503.0,  0.247
499,  502.0,  0.245
500,  501.0,  0.243
501,  500.0,  0.241
502,  499.0,  0.239
503,  498.0,  0.237
504,  497.0,  0.234
505,  496.0,  0.232
506,  495.0,  0.230
507,  494.0,  0.228
508,  493.0,  0.226
509,  492.0,  0.224
510,  491.0,  0.222
511,  490.0,  0.219
512,  489.0,  0.217
513,  488.0,  0.215
514,  487.0,  0.213
515,  486.0,  0.210
516,  485.0,  0.208
517,  484.0,  0.206
518,  483.0,  0.203
519,  482.0,  0.201
520,  481.0,  0.199
521,  480.0,  0.197
522,  479.0,  0.194
523,  478.0,  0.192
524,  477.0,  0.189
525,  476.0,  0.187
526,  475.0,  0.184
527,  474.0,  0.182
528,  473.0,  0.179
529,  472.0,  0.177
530,  471.0,  0.174
531,  470.0,  0.171
532,  469.0,  0.169
533,  468.0,  0.166
534,  467.0,  0.164
535,  466.0,  0.161
536,  465.0,  0.158
537,  464.0,  0.156
538,  463.0,  0.153
539,  462.0,  0.150
540,  461.0,  0.147
541,  460.0,  0.144
542,  459.0,  0.141
543,  458.0,  0.138
544,  457.0,  0.135
545,  456.0,  0.133
546,  455.0,  0.130
547,  454.0,  0.127
548,  453.0,  0.124
549,  452.0,  0.121
550,  451.0,  0.118
551,  450.0,  0.115
552,  449.0,  0.112
553,  448.0,  0.109
554,  447.0,  0.106
555,  446.0,  0.104
556,  445.0,  0.101
557,  444.0,  0.098
558,  443.0,  0.096
559,  442.0,  0.093
560,  441.0,  0.090
561,  440.0,  0.088
562,  439.0,  0.085
563,  438.0,  0.083
564,  437.0,  0.080
565,  436.0,  0.078
566,  435.0,  0.076
567,  434.0,  0.074
568,  433.0,  0.072
569,  432.0,  0.070
570,  431.0,  0.068
571,  430.0,  0.066
572,  429.0,  0.064
573,  428.0,  0.063
574,  427.0,  0.061
575,  426.0,  0.060
576,  425.0,  0.058
577,  424.0,  0.057
578,  423.0,  0.056
579,  422.0,  0.055
580,  421.0,  0.055
581,  420.0,  0.054
582,  419.0,  0.054
583,  418.0,  0.053
584,  417.0,  0.053
585,  416.0,  0.053
586,  415.0,  0.053
587,  414.0,  0.054
588,  413.0,  0.055
589,  412.0,  0.055
590,  411.0,  0.056
591,  410.0,  0.058
592,  409.0,  0.059
593,  408.0,  0.061
594,  407.0,  0.062
595,  406.0,  0.065
596,  405.0,  0.067
598,  403.0,  0.073
599,  402.0,  0.076
600,  401.0,  0.079
601,  400.0,  0.083
602,  399.0,  0.086
603,  398.0,  0.090
604,  397.0,  0.094
605,  396.0,  0.098
606,  395.0,  0.103
607,  394.0,  0.108
608,  393.0,  0.112
609,  392.0,  0.118
610,  391.0,  0.123
611,  390.0,  0.128
612,  389.0,  0.134
613,  388.0,  0.139
614,  387.0,  0.145
615,  386.0,  0.150
616,  385.0,  0.156
617,  384.0,  0.161
618,  383.0,  0.167
619,  382.0,  0.172
620,  381.0,  0.178
621,  380.0,  0.183
622,  379.0,  0.189
623,  378.0,  0.194
624,  377.0,  0.200
625,  376.0,  0.205
626,  375.0,  0.210
627,  374.0,  0.214
628,  373.0,  0.219
629,  372.0,  0.223
630,  371.0,  0.226
631,  370.0,  0.230
632,  369.0,  0.232
633,  368.0,  0.235
634,  367.0,  0.237
635,  366.0,  0.239
636,  365.0,  0.241
637,  364.0,  0.242
638,  363.0,  0.242
639,  362.0,  0.242
640,  361.0,  0.243
641,  360.0,  0.242
642,  359.0,  0.241
643,  358.0,  0.240
644,  357.0,  0.238
645,  356.0,  0.235
646,  355.0,  0.233
647,  354.0,  0.229
648,  353.0,  0.226
649,  352.0,  0.222
650,  351.0,  0.217
651,  350.0,  0.212
652,  349.0,  0.208
653,  348.0,  0.203
654,  347.0,  0.197
655,  346.0,  0.191
656,  345.0,  0.185
657,  344.0,  0.178
658,  343.0,  0.171
659,  342.0,  0.163
660,  341.0,  0.156
661,  340.0,  0.149
662,  339.0,  0.136
663,  338.0,  0.127
664,  337.0,  0.119
665,  336.0,  0.110
666,  335.0,  0.100
667,  334.0,  0.090
668,  333.0,  0.079
669,  332.0,  0.068
670,  331.0,  0.056
671,  330.0,  0.043
672,  329.0,  0.030
673,  328.0,  0.015
674,  327.0,  0.000
675,  326.0, -0.015
676,  325.0, -0.032
677,  324.0, -0.048
678,  323.0, -0.065
679,  322.0, -0.083
680,  321.0, -0.101
681,  320.0, -0.122
682,  319.0, -0.139
683,  318.0, -0.159
684,  317.0, -0.176
685,  316.0, -0.194
686,  315.0, -0.214
687,  314.0, -0.229
688,  313.0, -0.246
689,  312.0, -0.260
690,  311.0, -0.278
691,  310.0, -0.285
692,  309.0, -0.282
693,  308.0, -0.282
694,  307.0, -0.281
695,  306.0, -0.318
696,  305.0, -0.321
697,  304.0, -0.293
698,  303.0, -0.319
699,  302.0, -0.312
700,  301.0, -0.301
701,  300.0, -0.312
702,  299.0, -0.325
703,  298.0, -0.350
704,  297.0, -0.314
705,  296.0, -0.300
706,  295.0, -0.301
707,  294.0, -0.288
708,  293.0, -0.341
709,  292.0, -0.357
710,  291.0, -0.260
711,  290.0, -0.343
712,  289.0, -0.285
713,  288.0, -0.295
714,  287.0, -0.252
715,  286.0, -0.221
716,  285.0, -0.298
717,  284.0, -0.266
718,  283.0, -0.196
719,  282.0, -0.176
720,  281.0, -0.182
721,  280.0, -0.146
722,  279.0, -0.084
723,  278.0, -0.058
724,  277.0, -0.055
725,  276.0, -0.075
726,  275.0, -0.013
727,  274.0,  0.009
728,  273.0,  0.013
729,  272.0,  0.035
730,  271.0,  0.067
731,  270.0,  0.078
732,  269.0,  0.133
733,  268.0,  0.066
734,  267.0,  0.176
735,  266.0,  0.088
736,  265.0,  0.209
737,  264.0,  0.203
738,  263.0,  0.204
739,  262.0,  0.196
740,  261.0,  0.164
741,  260.0,  0.222
742,  259.0,  0.237
743,  258.0,  0.217
744,  257.0,  0.224
745,  256.0,  0.178
746,  255.0,  0.250
747,  254.0,  0.191
748,  253.0,  0.192
749,  252.0,  0.172
750,  251.0,  0.189
751,  250.0,  0.125
752,  249.0,  0.204
753,  248.0,  0.204
754,  247.0,  0.255
755,  246.0,  0.204
756,  245.0,  0.204
757,  244.0,  0.231
758,  243.0,  0.151
759,  242.0,  0.231
760,  241.0,  0.151
761,  240.0,  0.151
762,  239.0,  0.151
763,  238.0,  0.151
764,  237.0,  0.255
765,  236.0,  0.176
766,  235.0,  0.255
767,  234.0,  0.255
768,  233.0,  0.255
769,  232.0,  0.255
770,  231.0,  0.255
771,  230.0,  0.255
772,  229.0,  0.301
773,  228.0,  0.325
774,  227.0,  0.301
775,  226.0,  0.301
776,  225.0,  0.301
777,  224.0,  0.176
778,  223.0,  0.348
779,  222.0,  0.325
780,  221.0,  0.265
781,  220.0,  0.352
782,  219.0,  0.264
783,  218.0,  0.251
784,  217.0,  0.340
785,  216.0,  0.225
786,  215.0,  0.204
787,  214.0,  0.302
788,  213.0,  0.264
789,  212.0,  0.225
790,  211.0,  0.192
791,  210.0,  0.196
792,  209.0,  0.176
793,  208.0,  0.237
794,  207.0,  0.153
795,  206.0,  0.243
796,  205.0,  0.273
797,  204.0,  0.101
798,  203.0,  0.199
799,  202.0,  0.132
800,  201.0,  0.207
801,  200.0,  0.198
802,  199.0,  0.168
803,  198.0,  0.206
804,  197.0,  0.139
805,  196.0,  0.121
806,  195.0,  0.101
807,  194.0,  0.136
808,  193.0,  0.127
809,  192.0,  0.130
810,  191.0,  0.160
811,  190.0,  0.120
